tes_raster_real.asc
ncols        602
nrows        302
xllcorner     89.95
yllcorner    -15.05
cellsize       0.10
NODATA_value  -9.99
[rows 208 to 233 of 302, columns 180 to 239 of 602]
-9.990000 -9.990000 -9.990000 -9.990000 -9.990000 -9.990000 -9.990000 -9.990000 -9.990000 -9.990000 -9.990000 -9.990000 -9.990000 -9.990000 -9.990000 -9.990000 -9.990000 -9.990000 -9.990000 -9.990000 -9.990000 -9.990000 -9.990000 -9.990000 -9.990000 -9.990000 -9.990000 -9.990000 -9.990000 -9.990000 -9.990000 -9.990000 -9.990000 -9.990000 -9.990000 -9.990000 -9.990000 -9.990000 -9.990000 -9.990000 -9.990000 -9.990000 -9.990000 -9.990000 -9.990000 -9.990000 19.706651 18.261692 17.246902 -9.990000 -9.990000 -9.990000 -9.990000 -9.990000 -9.990000 -9.990000 -9.990000 -9.990000 -9.990000 -9.990000
-9.990000 -9.990000 -9.990000 -9.990000 -9.990000 -9.990000 -9.990000 -9.990000 -9.990000 -9.990000 -9.990000 -9.990000 -9.990000 -9.990000 -9.990000 -9.990000 -9.990000 -9.990000 -9.990000 -9.990000 -9.990000 -9.990000 -9.990000 -9.990000 -9.990000 -9.990000 -9.990000 -9.990000 -9.990000 -9.990000 -9.990000 -9.990000 -9.990000 -9.990000 -9.990000 -9.990000 -9.990000 -9.990000 -9.990000 -9.990000 -9.990000 -9.990000 -9.990000 -9.990000 -9.990000 -9.990000 18.109355 17.298813 17.870949 -9.990000 -9.990000 -9.990000 -9.990000 -9.990000 -9.990000 -9.990000 -9.990000 -9.990000 -9.990000 -9.990000
-9.990000 -9.990000 -9.990000 -9.990000 -9.990000 -9.990000 -9.990000 -9.990000 -9.990000 -9.990000 -9.990000 -9.990000 -9.990000 -9.990000 -9.990000 -9.990000 -9.990000 -9.990000 -9.990000 -9.990000 -9.990000 -9.990000 -9.990000 -9.990000 -9.990000 -9.990000 -9.990000 -9.990000 -9.990000 -9.990000 -9.990000 -9.990000 -9.990000 -9.990000 -9.990000 -9.990000 -9.990000 -9.990000 -9.990000 -9.990000 -9.990000 -9.990000 -9.990000 -9.990000 -9.990000 -9.990000 15.633313 17.586588 -9.990000 -9.990000 -9.990000 -9.990000 -9.990000 -9.990000 -9.990000 -9.990000 -9.990000 -9.990000 -9.990000 -9.990000
-9.990000 -9.990000 -9.990000 -9.990000 -9.990000 -9.990000 -9.990000 -9.990000 -9.990000 -9.990000 -9.990000 -9.990000 -9.990000 -9.990000 -9.990000 -9.990000 -9.990000 -9.990000 -9.990000 -9.990000 -9.990000 -9.990000 -9.990000 -9.990000 -9.990000 -9.990000 -9.990000 -9.990000 -9.990000 -9.990000 -9.990000 -9.990000 -9.990000 -9.990000 -9.990000 -9.990000 -9.990000 -9.990000 -9.990000 -9.990000 -9.990000 -9.990000 -9.990000 -9.990000 -9.990000 -9.990000 -9.990000 -9.990000 -9.990000 -9.990000 -9.990000 -9.990000 -9.990000 -9.990000 -9.990000 -9.990000 -9.990000 -9.990000 -9.990000 -9.990000
-9.990000 -9.990000 -9.990000 -9.990000 -9.990000 -9.990000 -9.990000 -9.990000 -9.990000 -9.990000 -9.990000 -9.990000 -9.990000 -9.990000 -9.990000 -9.990000 -9.990000 -9.990000 -9.990000 -9.990000 -9.990000 -9.990000 -9.990000 -9.990000 -9.990000 -9.990000 -9.990000 -9.990000 -9.990000 -9.990000 -9.990000 -9.990000 -9.990000 -9.990000 -9.990000 -9.990000 -9.990000 -9.990000 -9.990000 -9.990000 -9.990000 -9.990000 -9.990000 -9.990000 -9.990000 -9.990000 -9.990000 -9.990000 -9.990000 -9.990000 -9.990000 -9.990000 -9.990000 -9.990000 -9.990000 -9.990000 -9.990000 -9.990000 -9.990000 -9.990000
11.140550 -9.990000 10.775593 11.070630 -9.990000 -9.990000 -9.990000 -9.990000 -9.990000 -9.990000 -9.990000 -9.990000 -9.990000 -9.990000 -9.990000 -9.990000 -9.990000 -9.990000 -9.990000 -9.990000 -9.990000 -9.990000 -9.990000 -9.990000 -9.990000 -9.990000 -9.990000 -9.990000 -9.990000 -9.990000 -9.990000 -9.990000 -9.990000 -9.990000 -9.990000 -9.990000 -9.990000 -9.990000 -9.990000 -9.990000 -9.990000 -9.990000 -9.990000 -9.990000 -9.990000 -9.990000 -9.990000 -9.990000 -9.990000 -9.990000 -9.990000 -9.990000 -9.990000 -9.990000 -9.990000 -9.990000 -9.990000 -9.990000 -9.990000 -9.990000
10.143656 9.954207 10.676004 11.472615 12.349702 -9.990000 -9.990000 -9.990000 -9.990000 -9.990000 -9.990000 -9.990000 -9.990000 -9.990000 -9.990000 -9.990000 -9.990000 -9.990000 -9.990000 -9.990000 -9.990000 -9.990000 -9.990000 -9.990000 -9.990000 -9.990000 -9.990000 -9.990000 -9.990000 -9.990000 -9.990000 -9.990000 -9.990000 -9.990000 -9.990000 -9.990000 -9.990000 -9.990000 -9.990000 -9.990000 -9.990000 -9.990000 -9.990000 -9.990000 -9.990000 -9.990000 -9.990000 -9.990000 -9.990000 -9.990000 -9.990000 -9.990000 -9.990000 -9.990000 -9.990000 -9.990000 -9.990000 -9.990000 -9.990000 -9.990000
10.247491 10.912798 11.867888 12.365219 13.336525 14.169731 -9.990000 -9.990000 -9.990000 -9.990000 -9.990000 -9.990000 -9.990000 -9.990000 -9.990000 -9.990000 -9.990000 -9.990000 -9.990000 -9.990000 -9.990000 -9.990000 -9.990000 -9.990000 -9.990000 -9.990000 -9.990000 14.628639 13.800442 10.962693 10.554165 10.395630 -9.990000 -9.990000 -9.990000 -9.990000 -9.990000 -9.990000 -9.990000 -9.990000 -9.990000 -9.990000 -9.990000 -9.990000 -9.990000 -9.990000 -9.990000 -9.990000 -9.990000 -9.990000 -9.990000 -9.990000 -9.990000 -9.990000 -9.990000 -9.990000 -9.990000 -9.990000 -9.990000 -9.990000
12.218522 13.642308 14.502256 13.564257 13.556294 12.639487 13.509031 -9.990000 -9.990000 -9.990000 -9.990000 -9.990000 -9.990000 -9.990000 -9.990000 -9.990000 -9.990000 -9.990000 -9.990000 -9.990000 -9.990000 -9.990000 -9.990000 -9.990000 -9.990000 -9.990000 -9.990000 13.908242 13.345666 12.820713 11.497708 10.968549 -9.990000 -9.990000 -9.990000 -9.990000 -9.990000 -9.990000 -9.990000 -9.990000 -9.990000 -9.990000 -9.990000 -9.990000 -9.990000 -9.990000 -9.990000 -9.990000 -9.990000 -9.990000 -9.990000 -9.990000 -9.990000 -9.990000 -9.990000 -9.990000 -9.990000 -9.990000 -9.990000 -9.990000
13.641560 17.197388 17.928804 21.660440 14.903319 12.981009 13.269824 -9.990000 -9.990000 -9.990000 -9.990000 -9.990000 -9.990000 -9.990000 -9.990000 -9.990000 -9.990000 -9.990000 -9.990000 -9.990000 -9.990000 -9.990000 -9.990000 -9.990000 -9.990000 -9.990000 -9.990000 13.886775 12.084146 12.008578 11.998702 10.726442 10.434474 -9.990000 -9.990000 9.629285 12.464739 -9.990000 -9.990000 -9.990000 -9.990000 -9.990000 -9.990000 -9.990000 -9.990000 -9.990000 -9.990000 -9.990000 -9.990000 -9.990000 -9.990000 -9.990000 -9.990000 -9.990000 -9.990000 -9.990000 -9.990000 -9.990000 -9.990000 -9.990000
12.513253 16.216581 18.113266 17.838047 16.747311 15.160048 13.856084 -9.990000 14.006458 13.412333 -9.990000 -9.990000 -9.990000 -9.990000 -9.990000 -9.990000 -9.990000 -9.990000 -9.990000 -9.990000 -9.990000 -9.990000 -9.990000 -9.990000 -9.990000 -9.990000 15.410203 14.388054 12.767295 12.370679 11.860733 11.693408 11.301009 10.127652 8.940632 9.983179 9.817671 10.630739 -9.990000 -9.990000 -9.990000 -9.990000 -9.990000 -9.990000 -9.990000 -9.990000 -9.990000 -9.990000 -9.990000 -9.990000 -9.990000 -9.990000 -9.990000 -9.990000 -9.990000 -9.990000 -9.990000 -9.990000 -9.990000 -9.990000
13.044626 15.434558 16.744052 17.339187 16.830060 15.823263 14.116384 14.396320 15.826600 14.960695 15.972421 16.065728 15.205415 -9.990000 16.447224 14.653578 14.569190 14.127684 -9.990000 -9.990000 -9.990000 -9.990000 -9.990000 -9.990000 -9.990000 14.189400 15.177626 14.353141 21.127899 13.093942 12.168440 10.852262 10.290728 9.939292 8.429563 8.699449 8.908776 9.104379 9.125040 9.467009 9.610287 21.612769 -9.990000 -9.990000 -9.990000 -9.990000 -9.990000 -9.990000 -9.990000 -9.990000 -9.990000 -9.990000 -9.990000 -9.990000 -9.990000 -9.990000 -9.990000 -9.990000 -9.990000 -9.990000
11.965382 13.196430 14.486260 15.244581 14.912604 14.242760 13.526589 13.868838 16.002520 17.083720 16.432040 15.905199 13.623872 15.309162 12.664071 11.752383 11.691973 11.709341 11.917056 13.525061 13.101798 13.315978 16.113279 36.157329 17.016541 16.334125 17.020571 14.076895 15.464345 13.691171 12.100176 11.039198 10.337469 10.084587 8.616127 8.490963 8.749143 8.815440 12.689989 9.190296 9.598433 29.350573 23.286948 20.286727 21.249791 29.960821 11.815833 -9.990000 12.215269 11.467497 11.189592 10.390383 9.693393 10.386409 9.389108 9.570613 9.606709 11.300665 11.167598 9.595075
10.103164 11.861332 12.892848 13.318478 13.467394 13.419993 13.005877 13.084795 15.423531 15.343182 14.364741 13.338292 12.174699 13.631176 11.987727 11.129918 9.807233 9.894332 11.293749 10.665682 11.635068 13.080474 16.394157 34.529681 17.779300 17.175857 18.351261 16.402580 16.367532 15.034742 12.635391 11.467464 10.685025 10.425360 9.715965 9.220337 9.115015 9.185609 9.375556 9.243929 10.106342 10.350690 10.518142 14.616100 11.729053 12.095607 12.085100 12.474858 12.134137 10.839885 9.919428 9.761615 9.573133 9.970678 10.590130 10.642945 10.412842 10.010623 9.719244 8.379869
9.861737 10.647849 11.286474 12.118706 12.280525 12.041386 11.725366 12.365068 21.052461 13.902464 12.854682 12.469657 11.355869 10.896063 11.020246 10.313147 9.179086 9.860210 12.002176 10.844260 11.628221 11.862707 16.084298 16.094306 16.488863 14.130426 16.324272 14.801182 14.136924 12.650709 12.642435 12.071293 11.316666 12.214112 10.316378 9.456997 9.733439 10.251384 10.355530 9.878602 10.105168 11.064083 11.888005 13.544951 11.647440 12.196201 12.442204 13.358428 13.011465 10.729408 9.521912 9.400716 9.547529 10.571932 10.992299 12.018215 11.662218 10.573237 10.305576 9.380283
10.355849 11.246656 12.161825 12.494557 13.150004 13.101193 13.281350 12.010416 32.744929 13.888276 12.887666 12.444921 11.764459 12.623331 11.382581 10.655307 10.186738 10.586008 14.132683 10.507615 10.457351 10.671687 11.799730 12.984288 14.279736 15.572318 18.195537 15.312383 12.456652 12.000709 13.443007 12.313090 11.283402 14.069405 10.951368 10.048985 10.510436 12.080313 13.656966 13.350799 11.823681 12.346640 12.110776 12.377702 12.603285 12.806838 13.906815 15.039797 15.849919 24.163141 15.879960 11.305436 21.393464 10.051901 11.377406 12.643164 12.011115 -9.990000 -9.990000 -9.990000
10.277555 11.363388 11.383187 11.740374 12.707566 13.969587 13.926835 14.541626 30.752958 13.970612 13.417425 12.933516 12.505841 19.797922 10.783801 10.252979 10.168847 9.934744 12.223672 9.447337 9.457902 9.281659 9.744502 10.769495 10.557964 11.175443 12.955911 11.933634 12.237884 10.829484 10.766946 10.482105 10.319722 10.725342 10.462567 9.724433 10.475990 10.706934 11.175557 11.018234 11.686989 12.571971 12.121392 12.887452 13.371600 13.949926 14.520329 15.002174 14.471003 13.716802 -9.990000 -9.990000 -9.990000 -9.990000 -9.990000 -9.990000 -9.990000 -9.990000 -9.990000 -9.990000
11.153705 11.979477 12.780281 13.246973 13.680228 14.827795 15.711256 16.227680 18.338598 17.619697 17.391259 17.414699 16.065890 19.460490 12.783445 12.548794 11.866197 11.312045 12.303131 10.461194 10.748304 8.894639 9.533763 10.336394 12.597813 10.908574 12.466097 11.865912 11.283107 11.466774 10.758161 9.576521 9.542156 9.925142 10.792873 10.688607 10.387237 10.488401 10.628818 10.159578 10.581210 11.912735 11.567681 12.632014 13.057733 12.914201 13.486244 13.743175 13.193554 13.116425 -9.990000 -9.990000 -9.990000 -9.990000 -9.990000 -9.990000 -9.990000 -9.990000 -9.990000 -9.990000
11.422389 12.695419 13.584624 14.364624 14.113960 14.587896 16.834380 19.038351 22.996264 22.721291 22.248763 21.018231 21.264751 20.386224 18.133439 17.754494 15.356786 12.264477 13.722203 12.360250 11.515327 11.310850 10.071841 11.369741 11.488278 11.325772 10.933784 10.045215 10.394497 11.784761 9.857127 8.759665 8.543273 9.595620 10.589102 10.606259 11.101719 11.598948 11.930444 11.622187 10.950141 11.144620 11.367132 12.519155 11.560665 11.780636 12.722962 12.686775 13.171790 13.948699 -9.990000 -9.990000 -9.990000 -9.990000 -9.990000 -9.990000 -9.990000 -9.990000 -9.990000 -9.990000
11.242419 12.252541 13.114869 15.813835 17.809279 17.588855 20.147005 25.987499 29.018497 30.870412 28.360388 24.007769 25.995796 26.137350 22.734143 20.350554 16.848403 14.565068 15.372672 12.633582 10.885047 13.186255 11.795646 27.624973 10.593272 10.397961 10.537547 10.356805 11.313727 10.079316 9.323734 8.182361 8.216360 9.487797 12.586513 11.003689 10.716425 11.338635 12.152298 12.542676 11.046238 10.468482 13.396804 12.239713 10.740722 11.059905 12.076995 12.775716 13.337151 13.579402 13.671518 12.008930 -9.990000 -9.990000 -9.990000 -9.990000 -9.990000 -9.990000 -9.990000 -9.990000
13.745476 14.963015 16.325465 14.623750 16.650903 19.039899 21.330828 23.582865 27.419828 28.346606 28.628035 25.190023 28.157174 27.852485 23.889877 20.974000 17.262597 13.668525 13.575883 11.541833 11.356018 11.688745 11.935713 13.869832 11.188100 10.758480 12.055879 13.840082 11.734065 9.217270 8.947545 8.955852 9.026086 9.567346 11.730386 11.668164 10.475442 10.878359 11.025382 13.967642 15.290058 13.780728 14.100723 11.886298 10.205044 10.368821 10.582281 12.064008 12.632484 15.631732 14.612899 10.411864 11.905116 25.650870 18.382062 12.833254 8.937562 8.803431 9.082705 8.347618
-9.990000 15.457647 14.944785 13.768748 14.702658 15.258731 -9.990000 -9.990000 -9.990000 -9.990000 -9.990000 -9.990000 -9.990000 -9.990000 21.599736 19.410670 17.243874 15.444411 14.873308 13.446663 12.352381 11.948825 12.805505 12.751267 12.934256 12.077956 11.976520 13.053119 28.102576 11.003303 10.344497 9.694662 9.575543 9.343275 7.953637 8.043817 9.629294 11.705774 10.155733 10.426558 10.008707 10.675220 10.975590 11.220469 9.982112 9.786551 9.683622 11.129939 11.141324 11.385004 10.460113 9.317613 8.971169 12.066314 10.661410 8.767520 8.425513 8.278629 10.139145 8.038833
-9.990000 -9.990000 -9.990000 -9.990000 -9.990000 -9.990000 -9.990000 -9.990000 -9.990000 -9.990000 -9.990000 -9.990000 -9.990000 -9.990000 -9.990000 -9.990000 -9.990000 -9.990000 -9.990000 15.721089 14.229770 12.254063 12.274580 12.894039 14.237356 12.940159 11.811082 12.490094 19.039305 10.892245 10.123226 9.676142 9.478765 8.824300 8.460399 8.295271 8.994042 9.248158 10.938081 9.405755 9.969628 10.807502 10.305857 25.718070 10.007232 9.849443 10.456301 10.183645 10.928104 9.733129 9.287017 9.663106 10.081598 10.485275 9.836315 9.671897 8.062046 7.942999 11.515411 8.987961
-9.990000 -9.990000 -9.990000 -9.990000 -9.990000 -9.990000 -9.990000 -9.990000 -9.990000 -9.990000 -9.990000 -9.990000 -9.990000 -9.990000 -9.990000 -9.990000 -9.990000 -9.990000 -9.990000 -9.990000 -9.990000 -9.990000 11.300008 12.072034 13.588524 12.369460 10.150583 10.842233 12.486317 11.180862 10.566415 10.226798 10.398271 9.494159 9.163705 8.832411 8.404700 8.683399 10.818332 9.542412 10.656135 11.344741 12.206906 42.935703 10.390341 10.507463 9.734367 10.469707 9.965224 8.946122 8.260692 8.461134 9.459536 10.961629 10.734156 9.979298 8.800418 8.526766 9.065321 9.534789
-9.990000 -9.990000 -9.990000 -9.990000 -9.990000 -9.990000 -9.990000 -9.990000 -9.990000 -9.990000 -9.990000 -9.990000 -9.990000 -9.990000 -9.990000 -9.990000 -9.990000 -9.990000 -9.990000 -9.990000 -9.990000 -9.990000 -9.990000 -9.990000 12.294370 13.134510 9.715309 9.963407 11.908268 10.880285 12.196508 11.791726 10.804715 10.048842 11.322652 9.292113 9.207595 9.315600 9.453898 9.606938 11.160079 11.403370 14.570596 16.279393 11.885621 11.719111 11.343366 12.169995 11.470263 8.991985 8.390113 8.153412 8.089888 9.378132 8.843831 8.540478 8.713817 9.204342 9.992470 10.056234
-9.990000 -9.990000 -9.990000 -9.990000 -9.990000 -9.990000 -9.990000 -9.990000 -9.990000 -9.990000 -9.990000 -9.990000 -9.990000 -9.990000 -9.990000 -9.990000 -9.990000 -9.990000 -9.990000 -9.990000 -9.990000 -9.990000 -9.990000 -9.990000 -9.990000 -9.990000 -9.990000 10.328767 10.700342 11.406363 12.018895 11.462144 11.145657 10.066694 9.951626 9.922753 10.400307 10.921200 10.729801 9.961947 10.319071 10.982410 10.601412 11.777579 12.402539 12.714455 11.156779 11.141217 11.051753 10.112365 9.277478 8.965303 8.731547 8.575284 8.546859 8.583867 8.927960 9.857277 13.864607 13.716606
