tes_raster_real.asc
ncols        602
nrows        302
xllcorner     89.95
yllcorner    -15.05
cellsize       0.10
NODATA_value  -9.99
[rows 130 to 155 of 302, columns 240 to 299 of 602]
12.261661 11.959169 11.584103 11.073491 10.692510 10.166348 9.742879 8.979983 9.349023 8.787957 8.799504 8.503820 8.881573 9.473377 9.617105 9.176370 8.333794 7.804395 7.781562 7.845783 8.434860 9.757255 10.902387 12.863992 12.499685 13.175858 14.478471 15.350085 15.841245 15.368098 15.736955 16.751235 16.745666 16.434522 16.426050 16.248934 15.924203 14.337103 15.828111 14.903903 -9.990000 -9.990000 -9.990000 -9.990000 -9.990000 15.877472 58.949154 -9.990000 -9.990000 -9.990000 -9.990000 -9.990000 -9.990000 -9.990000 -9.990000 -9.990000 -9.990000 -9.990000 -9.990000 -9.990000
12.367159 12.404738 12.109338 11.064698 10.633224 10.445905 10.405774 10.496531 9.664201 9.178538 8.546345 8.574144 8.461231 8.718991 8.574714 8.019078 7.909754 7.834165 9.041900 8.193776 8.769525 9.554734 10.739874 12.607666 12.702861 13.533563 13.631809 14.351054 14.471444 14.827318 15.248312 15.851571 16.037923 15.255051 15.266295 16.204741 16.237178 14.361179 14.994553 14.443721 -9.990000 -9.990000 -9.990000 -9.990000 -9.990000 -9.990000 -9.990000 -9.990000 -9.990000 -9.990000 -9.990000 -9.990000 -9.990000 -9.990000 -9.990000 -9.990000 -9.990000 -9.990000 -9.990000 -9.990000
13.627984 12.776141 12.543601 13.259297 13.141778 12.550359 12.260730 11.442699 10.973949 10.674937 9.850639 8.557992 8.300114 8.268887 8.021398 7.870822 7.551728 7.756276 8.214358 8.557935 8.492933 9.156828 9.852562 11.052549 12.324914 12.536538 13.327065 14.659712 15.858873 15.100254 15.503542 15.316871 15.104663 14.265235 13.610618 14.747972 15.840507 14.276140 15.541177 15.868552 -9.990000 -9.990000 -9.990000 -9.990000 -9.990000 -9.990000 -9.990000 -9.990000 -9.990000 -9.990000 -9.990000 -9.990000 -9.990000 -9.990000 -9.990000 -9.990000 -9.990000 -9.990000 -9.990000 -9.990000
16.076551 15.538995 13.804171 13.570100 12.344052 12.537317 11.981396 11.726332 11.306002 12.613403 11.520474 8.523768 8.245052 9.482444 8.993897 8.370042 7.365509 7.566536 8.038983 8.496181 9.348251 9.817521 9.829346 10.832281 11.485404 12.066071 14.687228 14.148789 14.319784 15.497585 14.801445 14.755001 14.729784 19.103518 13.360875 14.625563 14.377691 15.970037 15.482591 16.323240 18.063926 17.992508 -9.990000 -9.990000 -9.990000 -9.990000 -9.990000 -9.990000 -9.990000 -9.990000 -9.990000 -9.990000 -9.990000 -9.990000 -9.990000 -9.990000 -9.990000 -9.990000 -9.990000 -9.990000
16.194241 14.194855 13.159446 12.308537 12.479919 11.876360 11.529731 11.084645 10.885189 10.776907 10.275212 8.510959 8.021046 8.497984 8.452780 8.046023 7.161482 7.487807 7.785623 7.931371 8.851465 8.931926 10.302911 11.928878 12.378863 12.705806 13.796631 14.588763 14.010795 13.873074 14.194800 14.237549 13.832241 14.143508 14.036247 14.906325 15.854523 17.121356 16.519598 15.341193 17.550883 17.497732 16.735237 -9.990000 -9.990000 -9.990000 -9.990000 -9.990000 -9.990000 -9.990000 -9.990000 -9.990000 -9.990000 -9.990000 -9.990000 -9.990000 -9.990000 -9.990000 -9.990000 -9.990000
13.335965 12.730643 12.014006 12.038383 12.093620 12.087500 11.502012 11.213214 11.452331 11.368545 10.254263 8.743181 7.804334 8.080517 8.186782 7.864600 6.991116 7.516190 7.810788 8.169411 9.188964 10.351927 11.425516 11.935479 12.898963 13.488180 14.535085 12.801167 13.469518 12.953090 13.121795 13.103674 12.887773 16.376559 13.767531 14.711386 15.419644 15.775968 13.707157 14.083949 14.776449 16.542090 15.443721 15.561410 -9.990000 -9.990000 -9.990000 -9.990000 -9.990000 -9.990000 -9.990000 -9.990000 -9.990000 -9.990000 -9.990000 -9.990000 -9.990000 -9.990000 -9.990000 -9.990000
12.884345 12.316090 12.012482 12.095456 12.679737 12.006901 12.150915 11.333856 11.638570 11.297186 10.020295 9.023717 7.888961 7.705041 7.644270 7.309977 7.456350 7.980901 8.280610 8.578723 9.231614 10.188679 12.031959 12.244830 12.470021 13.612426 15.074143 14.047125 10.901682 11.582516 12.038610 12.894650 13.152035 21.585437 13.587006 13.933056 15.102303 13.766973 12.964520 13.015921 13.668454 13.102786 14.418796 13.734818 12.922783 -9.990000 -9.990000 -9.990000 -9.990000 -9.990000 -9.990000 -9.990000 -9.990000 -9.990000 -9.990000 -9.990000 -9.990000 -9.990000 -9.990000 -9.990000
12.141599 12.596603 11.774776 11.892081 12.866384 12.785275 12.780858 11.818131 11.823979 11.626014 10.180739 9.130371 8.628152 8.268268 8.007054 7.623815 7.903907 8.298010 8.589343 8.874918 9.315329 10.456255 11.665547 12.185006 13.191876 14.795955 15.336720 13.927015 10.973974 10.771957 10.838055 12.088361 12.570894 25.327161 13.381021 14.264367 14.314990 13.361757 11.989490 16.339201 16.157054 12.967460 11.560828 11.794684 11.650536 11.702889 10.413630 -9.990000 -9.990000 -9.990000 -9.990000 -9.990000 -9.990000 -9.990000 -9.990000 -9.990000 -9.990000 -9.990000 -9.990000 -9.990000
12.534939 12.853240 13.216147 12.998468 13.227819 12.904187 12.719484 12.479488 11.834391 11.551149 10.175827 9.486269 9.050101 8.572039 9.091808 9.342750 9.378446 9.326147 9.658398 9.334466 9.755611 10.991397 11.672516 12.806942 11.242762 12.090005 11.373269 10.643451 11.269287 11.132885 10.128033 12.893913 18.209435 28.045237 13.403585 14.011002 12.777391 12.658446 12.293418 11.754910 12.692996 12.071397 11.844770 11.124918 12.470210 10.972559 9.799270 11.047138 -9.990000 -9.990000 -9.990000 -9.990000 -9.990000 -9.990000 -9.990000 -9.990000 -9.990000 -9.990000 -9.990000 -9.990000
13.004639 12.738042 12.746910 13.223317 13.110538 12.608100 12.179004 12.050000 14.899716 11.063870 10.099335 9.226914 9.090843 9.623644 8.945681 8.822565 8.265869 8.810917 10.563481 9.293938 9.456270 9.679505 10.166710 16.024038 10.676628 10.666648 10.830050 9.944501 10.610655 10.541858 9.747483 10.130828 17.820986 21.959621 11.927112 11.515809 11.065918 11.253252 12.941318 12.082219 10.942717 11.306760 10.631352 10.889217 10.936137 10.152607 9.954183 13.606550 11.352283 -9.990000 -9.990000 -9.990000 -9.990000 -9.990000 -9.990000 -9.990000 -9.990000 -9.990000 -9.990000 -9.990000
12.680772 11.868063 12.854654 13.356399 13.295142 12.922217 12.375919 12.138189 28.024071 12.375069 11.526606 10.565780 9.554907 10.364055 9.273262 9.270176 9.483171 9.426725 9.265053 9.497376 9.106289 9.014226 9.825950 18.829113 10.391712 10.607286 10.921212 10.951012 10.904863 10.702747 11.542320 10.435427 10.719477 12.112078 10.999144 10.669068 10.925471 11.124392 13.152985 14.037699 11.862220 11.449103 10.199588 10.651780 10.623008 9.894846 9.155105 8.649362 8.147199 8.074002 11.209207 -9.990000 -9.990000 -9.990000 -9.990000 -9.990000 -9.990000 -9.990000 -9.990000 -9.990000
12.216742 11.790323 11.815066 14.335728 12.072985 11.405924 11.133462 12.696975 15.597794 14.853319 14.167166 11.108521 10.421033 11.368656 10.567250 10.771138 11.608580 11.086213 10.486690 10.111054 10.005277 9.830070 10.779046 13.480646 11.554473 11.833665 11.837472 11.482799 10.763807 10.437461 10.586180 9.436041 9.854746 12.526658 10.223033 11.234555 11.045532 12.151886 12.777274 10.989934 11.603656 11.795650 11.079445 10.879459 10.041116 9.140534 8.383948 8.029324 7.548025 7.722548 9.895288 -9.990000 -9.990000 -9.990000 -9.990000 -9.990000 -9.990000 -9.990000 -9.990000 -9.990000
11.797449 11.493973 11.957767 15.407144 12.591803 11.641384 12.488319 13.778189 14.210443 14.725270 13.934871 10.748407 12.130598 12.826405 11.978560 11.675885 12.826602 12.358017 12.300649 11.801871 10.612625 11.174519 11.890850 15.669893 12.464114 11.854610 12.027094 11.163319 10.985825 10.886860 10.674929 9.957996 9.696779 13.901645 10.088554 11.463762 11.067407 11.303089 11.574075 11.133388 11.208854 10.882401 10.574590 10.760568 9.659033 8.887961 7.737522 6.977597 6.801201 6.859382 8.807387 -9.990000 -9.990000 -9.990000 -9.990000 -9.990000 -9.990000 -9.990000 -9.990000 -9.990000
12.761642 12.557769 12.325723 13.993020 14.587506 15.118403 13.791089 14.534580 14.017742 15.173419 15.534819 12.588018 12.530897 12.500701 11.548286 11.223205 11.551726 14.681887 15.689590 11.589393 20.899310 27.598059 25.278567 19.118825 13.650949 12.338390 15.581628 11.888201 13.192229 14.102735 13.842025 12.804177 11.289715 15.804323 10.693420 11.120766 10.796297 10.989948 10.867594 11.047576 10.753522 10.349978 -9.990000 -9.990000 9.573287 8.674125 7.528865 7.127062 7.654311 7.021439 -9.990000 -9.990000 -9.990000 -9.990000 -9.990000 -9.990000 -9.990000 -9.990000 -9.990000 -9.990000
13.016784 13.960359 13.494888 12.954349 13.091348 12.933013 12.798877 12.215333 14.512315 14.278465 15.522219 12.010611 12.296860 13.651402 12.360534 12.350808 11.799567 11.531655 16.318411 17.899172 11.099518 10.298125 10.713958 15.769845 13.440035 12.162509 11.265824 11.390699 11.730341 11.410945 10.802137 10.615409 10.833176 15.789634 10.271176 9.987423 10.416226 10.196690 11.017430 -9.990000 -9.990000 -9.990000 -9.990000 -9.990000 -9.990000 -9.990000 -9.990000 -9.990000 -9.990000 -9.990000 -9.990000 -9.990000 -9.990000 -9.990000 -9.990000 -9.990000 -9.990000 -9.990000 -9.990000 -9.990000
12.093622 11.928234 12.406162 12.110988 11.912485 11.600718 11.377574 11.152601 16.592127 22.094506 14.221468 13.411115 13.089007 14.018100 13.512893 13.021306 12.429778 11.982183 13.432147 11.564810 11.413370 11.499470 11.653093 18.559685 13.417018 12.853903 11.837512 12.384414 12.982325 12.114555 11.179149 11.306545 11.963501 15.643410 10.676074 10.339378 10.784447 10.638582 -9.990000 -9.990000 -9.990000 -9.990000 -9.990000 -9.990000 -9.990000 -9.990000 -9.990000 -9.990000 -9.990000 -9.990000 -9.990000 -9.990000 -9.990000 -9.990000 -9.990000 -9.990000 -9.990000 -9.990000 -9.990000 -9.990000
11.104081 11.412568 11.549540 12.037247 11.333624 11.353442 11.578893 11.630709 29.619787 14.127376 14.996210 15.028777 13.695970 14.601280 13.934247 13.290660 13.386528 12.313158 13.626531 12.309640 12.182684 12.402019 13.128580 18.248791 14.549382 13.317636 12.694558 13.085339 13.149566 12.493994 11.491304 12.445926 12.974735 15.791466 11.868844 11.991766 11.855005 12.306097 -9.990000 -9.990000 -9.990000 -9.990000 -9.990000 -9.990000 -9.990000 -9.990000 -9.990000 -9.990000 -9.990000 -9.990000 -9.990000 -9.990000 -9.990000 -9.990000 -9.990000 -9.990000 -9.990000 -9.990000 -9.990000 10.630446
11.670647 11.570241 11.775175 11.868386 11.787845 12.143619 12.203490 12.481745 19.010704 15.904352 14.758481 14.951615 14.440296 17.281061 14.285509 14.690981 14.049478 12.866726 15.449064 12.552407 12.963448 13.043183 14.505122 16.440742 13.572819 13.644207 13.319746 13.284744 12.983845 12.266292 12.835645 13.260920 13.650107 22.051751 13.557653 13.316577 13.865268 -9.990000 -9.990000 -9.990000 -9.990000 -9.990000 -9.990000 -9.990000 -9.990000 -9.990000 -9.990000 -9.990000 -9.990000 -9.990000 -9.990000 -9.990000 -9.990000 -9.990000 -9.990000 -9.990000 -9.990000 -9.990000 -9.990000 8.864656
12.407421 12.360103 12.591986 13.844786 12.077649 12.445166 13.051256 14.047874 17.501490 15.620198 22.275929 14.722953 14.278636 23.263819 20.940091 20.974076 16.282949 15.251221 14.030338 17.631159 19.785255 13.680479 13.431409 14.430481 14.228514 13.019408 14.046181 15.611989 15.100056 13.180567 13.304771 13.803439 14.957648 15.875659 15.335312 15.580115 17.151174 -9.990000 -9.990000 -9.990000 -9.990000 -9.990000 -9.990000 -9.990000 -9.990000 -9.990000 -9.990000 -9.990000 -9.990000 -9.990000 -9.990000 -9.990000 -9.990000 -9.990000 -9.990000 -9.990000 -9.990000 -9.990000 -9.990000 9.248531
13.249457 12.998784 13.503866 23.311064 12.484641 12.558343 13.643786 16.850284 24.012141 14.753858 15.009012 15.335858 13.873653 18.248314 14.775157 14.827571 13.776560 15.042334 15.181724 14.506029 12.423071 12.285699 11.606085 13.095457 12.897509 13.430212 13.580268 17.025614 15.539843 14.416192 17.272738 19.342551 19.555140 16.527007 17.277294 17.727416 -9.990000 -9.990000 -9.990000 -9.990000 -9.990000 -9.990000 -9.990000 -9.990000 -9.990000 -9.990000 -9.990000 -9.990000 -9.990000 -9.990000 -9.990000 -9.990000 -9.990000 -9.990000 -9.990000 -9.990000 -9.990000 -9.990000 -9.990000 8.713147
13.336962 13.263558 13.461575 30.098329 13.100294 13.741547 15.723469 18.958068 17.068846 14.436664 14.497496 14.604146 13.872450 14.964149 15.887133 16.029798 14.051222 14.523225 16.434410 15.552204 13.858263 12.027574 11.308021 12.278105 12.447481 13.376083 14.611690 17.061258 17.172761 15.832667 19.411872 21.074148 20.073758 18.503430 17.459021 18.903123 -9.990000 -9.990000 -9.990000 -9.990000 -9.990000 -9.990000 -9.990000 -9.990000 -9.990000 -9.990000 -9.990000 -9.990000 -9.990000 -9.990000 -9.990000 -9.990000 -9.990000 -9.990000 -9.990000 -9.990000 -9.990000 -9.990000 -9.990000 8.230809
13.505837 13.686355 13.599038 33.065250 13.507174 14.552384 15.225870 18.360112 16.146636 13.793570 13.535931 13.796007 13.805762 15.921217 16.121321 17.773349 17.029699 16.016636 16.115674 15.721863 14.019068 11.624677 11.317141 13.208501 12.849863 13.639482 14.201558 15.528179 16.637052 15.455295 16.061348 18.751289 20.878847 19.552994 17.334072 18.320977 -9.990000 -9.990000 -9.990000 -9.990000 -9.990000 -9.990000 -9.990000 -9.990000 -9.990000 -9.990000 -9.990000 -9.990000 -9.990000 -9.990000 -9.990000 -9.990000 -9.990000 -9.990000 -9.990000 -9.990000 -9.990000 8.271155 8.737058 8.894520
13.858586 20.927016 13.986420 27.973556 13.957149 14.767720 16.733322 17.916151 16.500500 14.953218 14.510455 14.482196 14.567276 16.400349 17.747503 17.686530 17.127731 16.376428 17.352653 15.217954 12.905252 12.347305 12.274957 11.696597 12.011843 13.183052 13.814373 13.786226 16.516065 14.550375 14.597354 16.152228 17.655031 19.238982 18.448151 17.562659 -9.990000 -9.990000 -9.990000 -9.990000 -9.990000 -9.990000 -9.990000 -9.990000 -9.990000 -9.990000 -9.990000 -9.990000 -9.990000 -9.990000 -9.990000 -9.990000 -9.990000 -9.990000 -9.990000 -9.990000 -9.990000 9.279802 8.986635 11.068060
14.654392 24.609653 14.136871 14.384051 16.773327 18.192004 17.694570 17.647544 17.082446 16.175525 15.320218 15.408197 15.692255 16.856690 17.850036 17.396570 16.471762 15.218544 15.830261 20.573188 12.628762 12.611297 14.156613 12.529593 12.105594 13.156172 14.172299 13.721895 14.633306 14.054940 14.265670 17.472788 16.330833 18.136309 18.275488 18.075325 -9.990000 -9.990000 -9.990000 -9.990000 -9.990000 -9.990000 -9.990000 -9.990000 -9.990000 -9.990000 -9.990000 -9.990000 -9.990000 -9.990000 -9.990000 -9.990000 -9.990000 -9.990000 -9.990000 -9.990000 -9.990000 -9.990000 10.704132 13.448812
13.093054 13.392731 14.219993 15.940189 20.178613 15.882429 17.714638 17.638096 17.227657 16.721598 16.612264 16.831449 16.356548 17.145983 17.344976 16.813211 16.058350 14.323236 20.204731 12.816125 13.386370 13.042312 11.682539 12.518921 10.541779 11.267519 12.857543 13.997190 13.921937 13.968366 17.373517 18.987421 18.345368 17.550786 17.312593 18.404096 17.900030 -9.990000 -9.990000 -9.990000 -9.990000 -9.990000 -9.990000 -9.990000 -9.990000 -9.990000 -9.990000 -9.990000 -9.990000 -9.990000 -9.990000 -9.990000 -9.990000 -9.990000 -9.990000 -9.990000 -9.990000 -9.990000 10.583816 10.737556
13.147859 13.453294 13.738047 16.068266 15.820130 16.603359 17.283926 17.766209 17.196435 17.222317 17.753005 17.008956 15.894524 16.695466 16.546061 15.047138 14.455092 13.776141 13.298461 12.658938 12.942905 12.655378 12.234692 11.096007 10.290038 10.965490 11.905614 13.553957 13.838379 15.304899 18.709268 19.775093 18.686627 16.565481 17.323257 17.825955 17.178495 -9.990000 -9.990000 -9.990000 -9.990000 -9.990000 -9.990000 -9.990000 -9.990000 -9.990000 -9.990000 -9.990000 -9.990000 -9.990000 -9.990000 -9.990000 -9.990000 -9.990000 -9.990000 -9.990000 -9.990000 -9.990000 10.435100 10.812612
