tes_raster_real.asc
ncols        602
nrows        302
xllcorner     89.95
yllcorner    -15.05
cellsize      0.10
NODATA_value -9.99
[rows 170 to 203 of 302, columns 231 to 307 of 602]
13.80 14.26 14.22 13.15 13.48 13.10 13.08 13.41 11.99 12.37 12.40 12.11 11.06 10.63 10.45 10.41 10.50 9.66 9.18 8.55 8.57 8.46 8.72 8.57 8.02 7.91 7.83 9.04 8.19 8.77 9.55 10.74 12.61 12.70 13.53 13.63 14.35 14.47 14.83 15.25 15.85 16.04 15.26 15.27 16.20 16.24 14.36 14.99 14.44 -9.99 -9.99 -9.99 -9.99 -9.99 -9.99 -9.99 -9.99 -9.99 -9.99 -9.99 -9.99 -9.99 -9.99 -9.99 -9.99 -9.99 -9.99 -9.99 -9.99 -9.99 -9.99 -9.99 -9.99 -9.99 -9.99 -9.99 -9.99
14.41 14.82 15.19 13.36 13.03 13.41 12.85 13.38 12.30 12.26 11.96 11.58 11.07 10.69 10.17 9.74 8.98 9.35 8.79 8.80 8.50 8.88 9.47 9.62 9.18 8.33 7.80 7.78 7.85 8.43 9.76 10.90 12.86 12.50 13.18 14.48 15.35 15.84 15.37 15.74 16.75 16.75 16.43 16.43 16.25 15.92 14.34 15.83 14.90 -9.99 -9.99 -9.99 -9.99 -9.99 15.88 58.95 -9.99 -9.99 -9.99 -9.99 -9.99 -9.99 -9.99 -9.99 -9.99 -9.99 -9.99 -9.99 -9.99 -9.99 -9.99 -9.99 -9.99 -9.99 -9.99 -9.99 -9.99
14.12 13.75 21.53 12.79 12.68 13.38 13.01 12.65 13.14 13.61 13.75 12.55 11.71 11.36 11.09 9.75 8.85 9.10 8.80 8.88 8.83 9.24 9.82 10.69 11.71 10.34 8.17 9.19 8.74 8.81 9.71 10.81 12.71 11.92 13.00 14.84 15.86 16.32 15.59 16.33 17.21 17.82 17.51 17.54 17.40 15.33 14.97 14.81 14.75 13.42 13.03 -9.99 -9.99 -9.99 13.69 55.26 -9.99 -9.99 -9.99 -9.99 -9.99 -9.99 -9.99 -9.99 -9.99 -9.99 -9.99 -9.99 -9.99 -9.99 -9.99 -9.99 -9.99 -9.99 -9.99 -9.99 -9.99
14.23 14.43 14.15 13.62 14.05 14.20 13.88 14.15 14.58 14.88 14.64 14.30 12.17 11.65 11.05 9.27 8.58 8.87 8.89 8.99 8.88 9.33 10.17 10.58 11.51 11.09 9.25 9.66 9.49 9.44 9.82 10.52 13.34 15.43 15.12 14.58 16.17 17.38 15.74 16.48 17.81 18.53 17.93 17.02 17.13 14.94 16.45 14.39 14.19 13.98 13.23 -9.99 -9.99 -9.99 -9.99 -9.99 -9.99 -9.99 -9.99 -9.99 -9.99 -9.99 -9.99 -9.99 -9.99 -9.99 -9.99 -9.99 -9.99 -9.99 -9.99 -9.99 -9.99 -9.99 -9.99 -9.99 -9.99
14.85 14.82 15.09 15.98 14.89 15.04 14.79 16.41 14.98 14.44 13.82 12.71 11.84 11.02 11.14 9.35 8.34 8.50 8.82 9.15 9.30 9.76 10.20 10.66 10.96 10.28 9.17 8.76 8.51 8.82 9.54 10.02 14.67 11.27 12.86 14.52 14.96 16.75 14.71 15.64 17.58 18.13 17.17 16.18 16.16 14.19 13.80 14.07 14.37 14.05 13.66 -9.99 -9.99 -9.99 -9.99 -9.99 -9.99 -9.99 -9.99 -9.99 -9.99 -9.99 -9.99 -9.99 -9.99 -9.99 -9.99 -9.99 -9.99 -9.99 -9.99 -9.99 -9.99 -9.99 -9.99 -9.99 -9.99
17.09 16.94 17.26 18.09 16.86 16.73 16.84 16.33 16.55 15.41 13.85 12.94 12.37 12.07 11.13 10.02 8.52 8.49 8.47 8.74 8.82 9.54 9.92 10.31 10.57 10.14 9.33 8.76 8.90 8.81 8.92 9.46 14.86 10.88 11.52 12.84 13.55 13.90 14.43 15.12 16.48 16.43 15.27 15.34 14.89 13.87 14.06 13.76 13.50 13.73 -9.99 -9.99 -9.99 -9.99 -9.99 -9.99 -9.99 -9.99 -9.99 -9.99 -9.99 -9.99 -9.99 -9.99 -9.99 -9.99 -9.99 -9.99 -9.99 -9.99 -9.99 -9.99 -9.99 -9.99 -9.99 -9.99 -9.99
20.12 19.91 18.98 18.05 19.34 18.08 15.98 15.76 16.53 16.16 14.69 13.36 13.38 12.98 12.13 10.96 9.43 8.63 7.90 8.27 8.81 9.76 9.71 10.19 11.19 10.44 9.86 9.55 9.13 8.84 9.19 9.83 13.70 10.88 11.35 12.14 12.78 13.88 13.77 14.00 14.90 16.08 14.88 15.31 14.14 13.41 12.90 12.84 12.79 -9.99 -9.99 -9.99 -9.99 -9.99 -9.99 -9.99 -9.99 -9.99 -9.99 -9.99 -9.99 -9.99 -9.99 -9.99 -9.99 -9.99 -9.99 -9.99 -9.99 -9.99 -9.99 -9.99 -9.99 -9.99 -9.99 -9.99 -9.99
22.20 22.25 22.79 19.37 18.68 16.14 14.14 18.76 15.89 16.16 15.31 14.30 14.38 14.38 12.92 11.34 9.65 8.89 8.10 8.07 8.81 9.40 9.52 10.04 10.68 10.49 10.41 10.32 9.97 9.22 9.12 9.85 13.22 10.63 10.86 11.93 13.11 13.98 13.80 14.09 15.04 16.55 16.71 16.05 13.15 13.41 12.45 12.73 -9.99 -9.99 -9.99 -9.99 -9.99 -9.99 -9.99 -9.99 -9.99 -9.99 -9.99 -9.99 -9.99 -9.99 -9.99 -9.99 -9.99 -9.99 -9.99 -9.99 -9.99 -9.99 -9.99 -9.99 -9.99 -9.99 -9.99 -9.99 -9.99
22.98 24.40 23.66 19.83 18.98 20.53 19.80 17.82 16.34 16.52 15.53 16.78 14.39 14.90 13.86 11.76 10.97 10.86 9.10 8.42 8.63 8.98 9.52 10.14 10.58 10.52 10.88 11.25 10.72 9.67 10.77 10.42 10.74 11.47 10.98 12.79 13.23 13.32 14.30 16.66 17.49 19.50 18.77 16.77 15.07 14.97 15.19 14.23 -9.99 -9.99 -9.99 -9.99 -9.99 -9.99 -9.99 -9.99 -9.99 -9.99 -9.99 -9.99 -9.99 -9.99 -9.99 -9.99 -9.99 -9.99 -9.99 -9.99 -9.99 -9.99 -9.99 -9.99 -9.99 -9.99 -9.99 -9.99 -9.99
25.08 25.59 23.18 21.01 19.78 17.61 15.94 19.13 17.12 15.93 14.49 14.35 14.40 14.71 13.90 12.39 11.30 11.14 11.21 11.28 9.09 9.14 9.43 9.83 10.43 10.86 10.71 11.40 11.02 10.54 10.17 10.68 10.83 11.50 12.11 12.91 12.78 13.10 14.59 16.38 17.95 17.13 17.92 17.51 15.41 14.67 14.25 -9.99 -9.99 -9.99 -9.99 -9.99 -9.99 -9.99 -9.99 -9.99 -9.99 -9.99 -9.99 -9.99 -9.99 -9.99 -9.99 -9.99 -9.99 -9.99 -9.99 -9.99 -9.99 -9.99 -9.99 -9.99 -9.99 -9.99 -9.99 -9.99 -9.99
24.13 25.41 23.33 21.12 20.11 19.12 17.26 15.95 16.55 15.24 14.90 13.45 13.66 14.22 13.58 12.22 11.67 12.06 11.72 11.91 10.94 9.18 9.64 10.06 10.40 10.32 10.62 11.67 11.49 10.97 10.35 10.93 11.33 11.48 11.90 12.51 12.24 13.33 16.13 16.51 17.03 15.63 17.05 16.82 15.72 15.04 15.00 -9.99 -9.99 -9.99 -9.99 -9.99 -9.99 -9.99 -9.99 -9.99 -9.99 -9.99 -9.99 -9.99 -9.99 -9.99 -9.99 -9.99 -9.99 -9.99 -9.99 -9.99 -9.99 -9.99 -9.99 -9.99 -9.99 -9.99 -9.99 -9.99 -9.99
26.69 26.09 25.08 24.75 21.61 20.87 18.95 16.00 15.37 14.17 13.65 12.85 14.36 14.94 13.45 12.78 12.49 12.86 12.70 11.49 8.99 9.39 9.76 9.85 9.98 10.06 10.42 11.26 11.54 11.36 10.88 10.63 10.89 10.42 9.91 10.44 12.00 14.42 15.78 16.49 15.77 15.92 17.54 16.99 16.90 16.86 15.95 -9.99 -9.99 -9.99 -9.99 -9.99 -9.99 -9.99 -9.99 -9.99 -9.99 -9.99 -9.99 -9.99 -9.99 -9.99 -9.99 -9.99 -9.99 -9.99 -9.99 -9.99 -9.99 -9.99 -9.99 -9.99 -9.99 -9.99 -9.99 -9.99 -9.99
26.43 26.59 26.70 26.17 23.04 20.65 17.29 15.68 14.42 13.91 13.44 12.86 14.95 13.91 13.20 12.34 13.23 13.70 13.70 11.97 9.50 9.66 9.45 9.65 9.80 9.72 10.35 11.08 11.98 12.02 11.76 10.74 14.95 10.58 9.80 10.47 11.84 13.68 14.81 16.41 17.24 18.72 18.18 18.36 17.91 -9.99 -9.99 -9.99 -9.99 -9.99 -9.99 -9.99 -9.99 -9.99 -9.99 -9.99 -9.99 -9.99 -9.99 -9.99 -9.99 -9.99 -9.99 -9.99 -9.99 -9.99 -9.99 -9.99 -9.99 -9.99 -9.99 -9.99 -9.99 -9.99 -9.99 -9.99 -9.99
26.23 30.26 27.64 26.31 23.46 20.89 19.13 15.26 13.46 13.61 13.28 13.25 14.27 14.63 14.05 12.93 13.99 13.80 14.09 13.26 10.30 11.03 14.95 12.79 10.15 9.80 10.43 11.52 12.55 12.81 12.90 12.06 14.50 10.51 10.18 10.41 11.73 13.62 14.71 16.06 18.51 20.52 20.20 20.24 20.15 18.71 19.18 -9.99 -9.99 -9.99 -9.99 -9.99 -9.99 -9.99 -9.99 -9.99 -9.99 -9.99 -9.99 -9.99 -9.99 -9.99 -9.99 -9.99 -9.99 -9.99 -9.99 -9.99 -9.99 -9.99 -9.99 -9.99 -9.99 -9.99 -9.99 -9.99 -9.99
-9.99 26.08 26.78 25.83 24.71 22.01 19.29 15.57 15.30 14.26 13.14 13.01 15.05 12.82 12.11 11.59 12.27 13.16 12.18 11.04 10.98 10.95 13.10 10.01 9.35 9.68 10.34 11.97 13.47 13.82 13.44 13.48 13.26 10.58 10.50 10.76 12.46 13.73 14.69 16.45 18.41 19.99 20.17 20.69 20.32 19.28 18.70 -9.99 -9.99 -9.99 -9.99 -9.99 -9.99 -9.99 -9.99 -9.99 -9.99 -9.99 -9.99 -9.99 -9.99 -9.99 -9.99 -9.99 -9.99 -9.99 -9.99 -9.99 -9.99 -9.99 -9.99 -9.99 -9.99 -9.99 -9.99 -9.99 -9.99
-9.99 28.10 26.80 25.18 22.62 19.34 17.55 17.05 15.87 14.42 13.40 13.62 13.53 12.31 11.92 11.76 11.16 13.29 9.66 9.98 9.35 10.23 10.01 9.38 9.38 10.31 10.69 11.91 13.30 14.31 14.41 13.71 13.03 11.27 10.28 9.80 11.11 12.53 13.47 13.63 15.46 16.20 17.79 17.97 18.46 18.07 17.70 15.42 14.38 -9.99 -9.99 -9.99 -9.99 -9.99 -9.99 -9.99 -9.99 -9.99 -9.99 -9.99 -9.99 -9.99 -9.99 -9.99 -9.99 -9.99 -9.99 -9.99 -9.99 -9.99 -9.99 -9.99 -9.99 -9.99 -9.99 -9.99 -9.99
-9.99 -9.99 26.58 23.15 20.19 16.59 15.65 15.84 15.24 14.46 13.42 13.18 22.91 12.65 12.37 11.27 10.95 11.90 9.34 9.39 9.32 9.59 9.84 9.86 10.02 10.83 11.09 11.87 13.27 13.96 13.82 13.33 13.05 12.32 10.35 9.74 9.89 16.87 11.00 11.73 12.60 13.64 14.29 14.62 15.26 15.25 15.63 13.50 12.83 -9.99 -9.99 -9.99 -9.99 -9.99 -9.99 -9.99 -9.99 -9.99 -9.99 -9.99 -9.99 -9.99 -9.99 -9.99 -9.99 -9.99 -9.99 -9.99 -9.99 -9.99 -9.99 -9.99 -9.99 -9.99 -9.99 -9.99 -9.99
-9.99 -9.99 -9.99 21.87 17.47 16.86 16.00 16.07 15.20 14.49 14.22 14.51 23.25 13.85 13.42 11.37 11.03 11.54 10.43 9.40 10.47 10.34 10.31 10.32 10.76 10.97 11.37 11.92 12.64 12.80 12.85 11.96 13.70 12.59 10.51 9.84 10.40 14.90 10.78 11.50 12.46 13.54 13.33 13.62 14.19 14.70 14.56 13.39 -9.99 -9.99 -9.99 -9.99 -9.99 -9.99 -9.99 -9.99 -9.99 -9.99 -9.99 -9.99 -9.99 -9.99 -9.99 -9.99 -9.99 -9.99 -9.99 -9.99 -9.99 -9.99 -9.99 -9.99 -9.99 -9.99 -9.99 -9.99 -9.99
-9.99 -9.99 -9.99 19.85 19.16 17.73 15.97 16.14 15.76 16.11 18.11 16.66 19.68 13.84 15.79 15.57 13.50 11.86 13.11 11.43 12.34 11.29 10.67 11.20 11.69 12.58 12.63 11.84 11.99 12.42 12.35 11.88 14.07 21.10 27.80 10.32 10.60 16.85 10.81 21.93 15.17 19.42 13.29 12.12 12.80 13.77 14.66 13.46 -9.99 -9.99 -9.99 -9.99 -9.99 -9.99 -9.99 -9.99 -9.99 -9.99 -9.99 -9.99 -9.99 -9.99 -9.99 -9.99 -9.99 -9.99 -9.99 -9.99 -9.99 -9.99 -9.99 -9.99 -9.99 -9.99 -9.99 -9.99 -9.99
-9.99 -9.99 -9.99 -9.99 -9.99 18.65 16.94 16.26 16.26 15.57 17.66 14.11 15.64 15.93 17.34 16.42 11.86 12.68 11.48 10.08 11.01 10.65 10.82 11.11 11.56 12.04 12.26 11.91 11.87 11.78 11.34 11.58 19.30 16.02 9.92 9.78 10.25 18.55 10.34 11.00 12.01 12.80 12.41 11.74 11.50 12.19 12.94 -9.99 -9.99 -9.99 -9.99 -9.99 -9.99 -9.99 -9.99 -9.99 -9.99 -9.99 -9.99 -9.99 -9.99 -9.99 -9.99 -9.99 -9.99 -9.99 -9.99 -9.99 -9.99 -9.99 -9.99 -9.99 -9.99 -9.99 -9.99 -9.99 -9.99
-9.99 -9.99 -9.99 -9.99 -9.99 -9.99 17.96 17.93 19.72 15.77 15.02 13.83 14.93 14.21 12.57 12.23 10.34 12.26 10.33 10.02 10.34 10.52 11.20 10.99 11.28 11.25 11.90 12.31 10.87 10.65 10.48 11.39 19.23 16.99 9.96 9.12 9.66 10.85 10.04 10.60 11.78 12.12 12.31 12.40 12.91 13.41 14.03 13.56 -9.99 -9.99 -9.99 -9.99 -9.99 -9.99 -9.99 -9.99 -9.99 -9.99 -9.99 -9.99 -9.99 -9.99 -9.99 -9.99 -9.99 -9.99 -9.99 -9.99 -9.99 -9.99 -9.99 -9.99 -9.99 -9.99 -9.99 -9.99 -9.99
-9.99 -9.99 -9.99 -9.99 -9.99 -9.99 -9.99 19.58 22.25 17.17 16.14 18.31 18.49 18.07 16.52 14.23 10.53 13.42 10.38 9.89 10.13 10.47 9.74 10.23 10.39 9.95 9.65 10.05 10.59 10.70 10.62 11.02 11.50 10.64 9.47 8.22 8.22 10.68 10.06 10.34 11.14 12.29 12.93 13.12 13.78 14.78 15.50 15.36 15.68 -9.99 -9.99 -9.99 -9.99 -9.99 -9.99 -9.99 -9.99 -9.99 -9.99 -9.99 -9.99 -9.99 -9.99 -9.99 -9.99 -9.99 -9.99 -9.99 -9.99 -9.99 -9.99 -9.99 -9.99 -9.99 -9.99 -9.99 -9.99
-9.99 -9.99 -9.99 -9.99 -9.99 -9.99 -9.99 -9.99 -9.99 19.06 17.49 18.59 21.98 17.80 16.09 14.76 11.82 11.68 10.37 10.14 10.20 9.86 10.22 11.51 9.88 9.45 9.48 10.39 10.56 10.75 10.98 10.68 10.98 10.59 9.45 8.22 8.10 8.75 9.13 10.26 11.42 12.91 13.66 13.65 15.45 16.32 16.85 16.82 17.97 18.72 19.69 -9.99 -9.99 -9.99 -9.99 -9.99 -9.99 -9.99 -9.99 -9.99 -9.99 -9.99 -9.99 -9.99 -9.99 -9.99 -9.99 -9.99 -9.99 -9.99 -9.99 -9.99 -9.99 -9.99 -9.99 -9.99 -9.99
-9.99 -9.99 -9.99 -9.99 -9.99 -9.99 -9.99 -9.99 -9.99 18.84 17.45 20.21 21.36 14.91 14.15 14.43 14.09 13.02 15.40 13.83 11.03 9.66 9.54 9.72 9.36 9.34 9.55 10.18 11.19 11.06 11.04 10.86 10.35 10.08 10.74 9.84 8.12 8.12 8.82 10.76 12.52 13.34 15.07 14.64 17.61 16.70 17.68 18.77 19.54 23.93 23.99 21.80 20.41 24.27 21.53 -9.99 -9.99 -9.99 -9.99 -9.99 -9.99 -9.99 -9.99 -9.99 -9.99 -9.99 -9.99 -9.99 -9.99 -9.99 -9.99 -9.99 -9.99 -9.99 -9.99 -9.99 -9.99
-9.99 -9.99 -9.99 -9.99 -9.99 -9.99 -9.99 -9.99 -9.99 17.66 16.80 18.50 21.03 17.12 14.33 14.17 13.57 13.35 12.99 12.00 11.53 9.84 9.81 9.49 9.36 9.33 9.37 10.21 10.74 10.69 10.63 10.62 11.08 9.94 9.26 8.08 7.70 8.25 8.57 10.19 11.79 12.44 13.15 13.15 14.90 16.50 17.52 18.81 20.02 23.25 24.83 23.15 20.74 21.68 20.63 19.01 17.39 -9.99 -9.99 -9.99 -9.99 -9.99 -9.99 -9.99 -9.99 -9.99 -9.99 -9.99 -9.99 -9.99 -9.99 -9.99 -9.99 -9.99 -9.99 -9.99 -9.99
-9.99 -9.99 -9.99 -9.99 -9.99 -9.99 -9.99 -9.99 -9.99 17.48 17.52 16.70 16.58 14.65 13.34 13.73 14.64 14.49 15.14 13.22 12.01 10.79 10.53 10.07 9.84 9.46 9.26 10.62 11.77 10.42 10.35 10.28 10.28 9.98 9.01 8.35 7.53 7.17 7.74 9.26 10.78 11.86 12.59 12.89 14.09 16.01 17.41 18.68 18.95 21.66 23.75 22.65 19.84 19.98 17.50 17.30 15.19 -9.99 -9.99 -9.99 -9.99 -9.99 -9.99 -9.99 -9.99 -9.99 -9.99 -9.99 -9.99 -9.99 -9.99 -9.99 -9.99 -9.99 -9.99 -9.99 -9.99
-9.99 -9.99 -9.99 -9.99 -9.99 -9.99 -9.99 -9.99 -9.99 18.45 18.48 17.94 16.83 15.67 14.44 15.37 17.07 18.12 17.81 15.78 13.95 12.72 12.38 11.12 10.20 10.49 10.21 10.33 10.58 10.75 10.48 10.25 10.95 10.93 9.86 8.67 7.78 7.23 7.60 8.83 10.14 10.88 11.91 12.85 13.40 14.50 14.74 15.00 15.15 16.18 19.94 20.37 14.99 14.59 14.22 -9.99 -9.99 -9.99 -9.99 -9.99 -9.99 -9.99 -9.99 -9.99 -9.99 -9.99 -9.99 -9.99 -9.99 -9.99 -9.99 -9.99 -9.99 -9.99 -9.99 -9.99 -9.99
-9.99 -9.99 -9.99 -9.99 -9.99 -9.99 -9.99 -9.99 -9.99 -9.99 -9.99 -9.99 -9.99 15.63 14.96 15.94 18.06 19.32 19.75 18.01 16.02 14.21 13.17 11.83 11.15 10.66 10.47 10.66 10.85 10.74 10.25 10.36 10.66 10.62 10.21 11.04 9.08 9.11 8.08 8.17 9.37 10.75 11.40 11.43 11.97 15.46 12.48 13.02 12.85 13.14 15.33 15.23 13.12 13.65 13.28 -9.99 -9.99 -9.99 -9.99 -9.99 -9.99 -9.99 -9.99 -9.99 -9.99 -9.99 -9.99 -9.99 -9.99 -9.99 -9.99 -9.99 -9.99 -9.99 -9.99 -9.99 -9.99
-9.99 -9.99 -9.99 -9.99 -9.99 -9.99 -9.99 -9.99 -9.99 -9.99 -9.99 -9.99 -9.99 -9.99 -9.99 17.35 18.54 19.75 20.41 17.89 16.40 14.74 13.46 12.41 11.81 11.53 10.62 12.07 10.92 10.67 10.48 10.20 10.59 10.51 11.75 11.91 11.75 9.63 8.67 8.61 9.31 9.76 9.88 11.00 14.04 11.42 11.19 12.00 12.13 12.73 12.03 12.11 -9.99 -9.99 -9.99 -9.99 -9.99 -9.99 -9.99 -9.99 -9.99 -9.99 -9.99 -9.99 -9.99 -9.99 -9.99 -9.99 -9.99 -9.99 -9.99 -9.99 -9.99 -9.99 -9.99 -9.99 -9.99
-9.99 -9.99 -9.99 -9.99 -9.99 -9.99 -9.99 -9.99 -9.99 -9.99 -9.99 -9.99 -9.99 -9.99 -9.99 -9.99 20.64 21.62 21.24 19.89 17.62 15.84 17.81 14.70 13.82 12.86 11.37 10.99 10.67 10.11 10.00 10.25 10.74 9.60 9.49 9.02 8.36 8.33 8.17 8.61 8.81 9.33 9.88 9.49 10.08 10.45 10.71 11.81 11.91 11.75 11.60 11.67 -9.99 -9.99 13.91 13.38 -9.99 -9.99 -9.99 -9.99 -9.99 -9.99 -9.99 -9.99 -9.99 -9.99 -9.99 -9.99 -9.99 -9.99 -9.99 -9.99 -9.99 -9.99 -9.99 -9.99 -9.99
-9.99 -9.99 -9.99 -9.99 -9.99 -9.99 -9.99 -9.99 -9.99 -9.99 -9.99 -9.99 -9.99 -9.99 -9.99 -9.99 -9.99 20.32 19.32 18.11 -9.99 16.61 15.73 14.52 13.85 11.92 10.85 11.35 11.22 10.46 10.29 10.38 10.44 10.21 9.80 9.54 8.80 8.59 8.93 8.58 9.30 9.31 9.61 9.79 10.68 10.71 10.94 11.63 11.30 11.78 12.18 11.77 12.01 14.83 14.63 13.31 13.13 12.09 11.11 11.20 -9.99 -9.99 -9.99 -9.99 -9.99 -9.99 -9.99 -9.99 -9.99 -9.99 -9.99 -9.99 -9.99 -9.99 -9.99 -9.99 -9.99
-9.99 -9.99 -9.99 -9.99 -9.99 -9.99 -9.99 -9.99 -9.99 -9.99 -9.99 -9.99 -9.99 -9.99 -9.99 -9.99 -9.99 -9.99 -9.99 -9.99 -9.99 -9.99 -9.99 -9.99 14.46 12.88 11.26 11.01 10.98 10.65 10.58 10.67 10.50 10.53 10.24 9.44 9.13 8.80 9.45 9.46 9.67 10.42 10.80 11.40 11.45 13.06 11.97 11.98 12.32 12.42 12.40 12.51 11.66 12.97 13.31 12.64 12.12 10.63 10.85 10.61 10.58 11.74 -9.99 -9.99 -9.99 -9.99 -9.99 -9.99 -9.99 -9.99 -9.99 -9.99 -9.99 -9.99 -9.99 -9.99 -9.99
-9.99 -9.99 -9.99 -9.99 -9.99 -9.99 -9.99 -9.99 -9.99 -9.99 -9.99 -9.99 -9.99 -9.99 -9.99 -9.99 -9.99 -9.99 -9.99 -9.99 -9.99 -9.99 -9.99 -9.99 -9.99 -9.99 -9.99 -9.99 -9.99 -9.99 -9.99 -9.99 -9.99 -9.99 -9.99 -9.99 -9.99 -9.99 -9.99 10.04 10.35 11.07 11.67 11.97 12.65 13.15 13.69 12.79 12.44 12.98 12.84 12.88 12.22 12.43 13.32 13.60 12.30 11.49 11.65 10.71 11.17 11.19 11.50 -9.99 -9.99 -9.99 -9.99 -9.99 -9.99 -9.99 -9.99 -9.99 -9.99 -9.99 -9.99 -9.99 -9.99
-9.99 -9.99 -9.99 -9.99 -9.99 -9.99 -9.99 -9.99 -9.99 -9.99 -9.99 -9.99 -9.99 -9.99 -9.99 -9.99 -9.99 -9.99 -9.99 -9.99 -9.99 -9.99 -9.99 -9.99 -9.99 -9.99 -9.99 -9.99 -9.99 -9.99 -9.99 -9.99 -9.99 -9.99 -9.99 -9.99 -9.99 -9.99 -9.99 10.84 10.00 10.84 11.43 12.04 12.55 13.05 13.34 13.46 13.99 15.80 14.81 15.05 18.96 14.01 12.53 12.76 12.44 17.68 16.81 12.40 12.50 12.40 12.17 -9.99 -9.99 -9.99 -9.99 -9.99 -9.99 -9.99 -9.99 -9.99 -9.99 -9.99 -9.99 -9.99 -9.99
