tes_raster_real.asc
ncols        602
nrows        302
xllcorner     89.95
yllcorner    -15.05
cellsize      0.10
NODATA_value -9.99
[rows 136 to 169 of 302, columns 77 to 153 of 602]
-9.99 -9.99 -9.99 -9.99 -9.99 -9.99 -9.99 -9.99 -9.99 -9.99 14.84 15.73 16.12 17.04 17.47 18.02 -9.99 -9.99 -9.99 -9.99 -9.99 -9.99 -9.99 -9.99 -9.99 -9.99 -9.99 -9.99 -9.99 25.82 23.98 18.39 17.10 14.65 14.66 13.38 12.44 11.98 11.19 11.08 11.03 28.98 12.12 11.26 11.29 11.47 13.49 12.56 12.36 11.07 10.49 11.09 11.81 12.69 13.35 13.96 13.83 14.15 14.29 15.28 15.27 14.67 14.06 12.57 12.00 12.21 12.72 13.12 14.50 -9.99 -9.99 -9.99 -9.99 -9.99 -9.99 -9.99 -9.99
-9.99 -9.99 -9.99 -9.99 -9.99 -9.99 -9.99 -9.99 -9.99 -9.99 16.03 16.10 16.68 18.10 19.43 -9.99 -9.99 -9.99 -9.99 -9.99 -9.99 -9.99 -9.99 -9.99 -9.99 -9.99 -9.99 24.41 24.38 24.49 23.33 18.58 17.10 14.63 14.54 14.83 12.45 11.80 11.53 11.62 12.59 30.97 30.16 11.87 12.82 12.95 13.04 13.20 12.63 11.38 10.85 11.30 11.82 12.83 13.28 12.43 12.71 12.92 13.90 15.47 14.68 14.79 13.38 12.19 12.11 12.28 13.42 13.90 16.79 -9.99 -9.99 -9.99 -9.99 -9.99 -9.99 -9.99 -9.99
-9.99 -9.99 -9.99 -9.99 -9.99 -9.99 -9.99 -9.99 -9.99 -9.99 17.12 16.40 17.33 17.94 18.60 -9.99 -9.99 -9.99 -9.99 -9.99 -9.99 -9.99 -9.99 -9.99 -9.99 -9.99 -9.99 34.62 28.41 22.61 19.53 18.94 18.61 16.97 15.99 13.30 13.45 13.58 13.40 11.69 12.62 45.49 30.21 14.64 12.20 12.40 12.48 12.14 11.36 10.83 10.90 10.83 11.76 12.66 13.71 11.90 17.45 13.62 15.36 15.22 14.38 14.88 13.80 11.58 12.00 12.44 13.37 13.29 -9.99 -9.99 -9.99 -9.99 -9.99 -9.99 -9.99 -9.99 -9.99
-9.99 -9.99 -9.99 -9.99 -9.99 -9.99 -9.99 -9.99 -9.99 -9.99 17.17 17.75 17.94 18.36 -9.99 -9.99 -9.99 -9.99 -9.99 -9.99 -9.99 -9.99 -9.99 -9.99 -9.99 -9.99 -9.99 34.19 29.34 24.65 20.17 21.76 17.39 16.93 17.12 14.79 13.88 14.61 14.48 13.64 12.66 13.89 15.30 12.38 12.05 12.52 12.40 11.97 11.36 10.87 10.84 11.13 12.23 11.68 12.75 12.18 12.56 12.32 12.60 12.79 13.41 13.79 13.31 12.27 12.32 11.88 13.43 13.97 -9.99 -9.99 -9.99 -9.99 -9.99 -9.99 -9.99 -9.99 -9.99
-9.99 -9.99 -9.99 -9.99 -9.99 -9.99 -9.99 -9.99 -9.99 -9.99 16.91 17.67 17.89 17.85 -9.99 -9.99 -9.99 -9.99 -9.99 -9.99 -9.99 -9.99 -9.99 -9.99 -9.99 -9.99 -9.99 34.24 27.21 26.31 19.59 19.16 16.18 15.34 14.11 13.23 12.69 14.16 14.05 13.30 13.33 14.07 13.65 12.02 13.34 13.94 12.79 13.02 12.17 11.84 11.55 11.43 11.59 12.15 12.33 12.12 17.03 12.16 11.87 12.13 12.58 12.35 12.35 12.56 12.72 13.89 14.38 14.03 -9.99 -9.99 -9.99 -9.99 -9.99 -9.99 -9.99 -9.99 -9.99
-9.99 -9.99 -9.99 -9.99 -9.99 -9.99 -9.99 -9.99 -9.99 -9.99 16.65 16.86 16.99 17.19 -9.99 -9.99 -9.99 -9.99 -9.99 -9.99 -9.99 -9.99 -9.99 -9.99 -9.99 -9.99 -9.99 34.48 23.17 18.73 16.28 15.77 15.92 14.68 12.83 12.50 13.87 13.66 14.00 13.90 12.76 12.76 12.43 12.48 14.41 15.95 13.48 13.39 13.14 12.64 12.02 11.89 11.86 12.09 12.49 12.40 27.85 11.46 11.00 11.64 11.59 12.02 -9.99 -9.99 -9.99 -9.99 -9.99 -9.99 -9.99 -9.99 -9.99 -9.99 -9.99 -9.99 -9.99 -9.99 -9.99
-9.99 -9.99 -9.99 -9.99 -9.99 -9.99 -9.99 -9.99 -9.99 -9.99 -9.99 -9.99 -9.99 -9.99 -9.99 -9.99 -9.99 -9.99 -9.99 -9.99 -9.99 -9.99 -9.99 -9.99 -9.99 -9.99 40.45 32.14 21.76 19.00 18.07 18.44 18.41 15.55 13.83 14.61 12.90 12.38 12.99 13.60 12.70 12.95 13.36 13.20 14.07 15.42 15.28 14.30 14.93 14.78 13.60 12.75 12.35 12.12 12.76 18.40 19.04 11.34 10.74 10.86 -9.99 -9.99 -9.99 -9.99 -9.99 -9.99 -9.99 -9.99 -9.99 -9.99 -9.99 -9.99 -9.99 -9.99 -9.99 -9.99 -9.99
-9.99 -9.99 -9.99 -9.99 -9.99 -9.99 -9.99 -9.99 -9.99 -9.99 -9.99 -9.99 -9.99 -9.99 -9.99 -9.99 -9.99 -9.99 -9.99 -9.99 -9.99 -9.99 -9.99 -9.99 -9.99 37.01 35.10 28.26 20.86 17.91 22.91 19.19 18.65 16.66 15.39 16.40 16.11 14.78 15.91 15.42 14.09 27.97 15.43 14.80 14.89 15.54 16.03 15.06 14.30 14.42 14.17 12.68 12.27 22.12 31.23 18.07 12.74 12.16 11.92 -9.99 -9.99 -9.99 -9.99 -9.99 -9.99 -9.99 -9.99 -9.99 -9.99 -9.99 -9.99 -9.99 -9.99 -9.99 -9.99 -9.99 -9.99
-9.99 -9.99 -9.99 -9.99 -9.99 -9.99 -9.99 -9.99 -9.99 -9.99 -9.99 -9.99 -9.99 -9.99 -9.99 -9.99 -9.99 -9.99 -9.99 -9.99 -9.99 -9.99 -9.99 -9.99 30.09 32.31 33.05 29.44 21.12 17.73 17.48 19.30 18.96 17.23 16.21 17.17 16.57 16.06 18.02 17.99 16.45 16.03 13.35 13.99 14.73 15.39 15.60 15.03 13.92 13.91 12.66 13.05 12.54 12.23 11.98 11.98 12.42 12.37 11.68 -9.99 -9.99 -9.99 -9.99 -9.99 -9.99 -9.99 -9.99 15.46 16.31 16.44 -9.99 -9.99 -9.99 -9.99 -9.99 -9.99 -9.99
-9.99 -9.99 -9.99 -9.99 -9.99 -9.99 -9.99 14.74 15.64 -9.99 -9.99 -9.99 -9.99 -9.99 -9.99 -9.99 -9.99 -9.99 -9.99 -9.99 -9.99 -9.99 -9.99 141.23 25.70 28.16 29.31 27.25 26.46 16.45 16.57 17.78 17.22 16.33 17.85 18.60 17.70 17.17 18.22 17.98 16.69 18.49 17.98 16.64 16.32 15.93 15.99 14.78 13.93 13.73 12.70 12.81 12.04 11.58 12.07 11.86 12.26 12.11 11.52 12.54 -9.99 -9.99 -9.99 -9.99 -9.99 -9.99 14.37 14.85 16.19 16.69 -9.99 -9.99 -9.99 -9.99 -9.99 -9.99 -9.99
-9.99 -9.99 -9.99 -9.99 -9.99 -9.99 -9.99 15.35 15.28 -9.99 -9.99 -9.99 -9.99 -9.99 -9.99 -9.99 -9.99 -9.99 -9.99 -9.99 -9.99 -9.99 29.63 27.81 22.89 22.14 18.05 19.61 18.29 14.67 14.68 14.36 13.95 14.11 14.77 15.07 16.01 18.57 18.64 18.20 17.78 19.00 18.42 17.20 18.29 20.16 19.53 17.16 15.39 15.19 13.93 13.93 13.50 11.59 12.13 11.72 12.68 11.71 10.15 10.82 11.81 -9.99 -9.99 -9.99 -9.99 -9.99 14.82 14.56 15.41 16.18 -9.99 -9.99 -9.99 -9.99 -9.99 -9.99 -9.99
-9.99 -9.99 -9.99 -9.99 -9.99 -9.99 -9.99 16.14 16.00 15.67 -9.99 -9.99 -9.99 -9.99 -9.99 -9.99 -9.99 -9.99 -9.99 -9.99 -9.99 21.38 25.76 33.67 20.33 21.41 16.92 16.35 17.91 14.19 14.26 14.41 14.11 13.76 14.34 13.43 13.16 14.19 15.65 17.15 18.94 19.33 19.36 18.73 19.20 20.24 20.71 18.79 16.73 15.99 14.31 14.06 13.83 13.04 12.20 11.42 11.74 11.19 9.39 9.84 11.43 -9.99 -9.99 -9.99 -9.99 -9.99 13.02 14.34 14.89 15.85 -9.99 16.69 14.92 14.40 -9.99 -9.99 -9.99
-9.99 -9.99 -9.99 -9.99 -9.99 -9.99 -9.99 16.17 16.27 16.68 -9.99 -9.99 -9.99 -9.99 -9.99 -9.99 -9.99 -9.99 -9.99 -9.99 -9.99 20.99 27.78 31.11 30.41 19.78 16.26 16.02 17.22 13.80 13.85 14.95 14.50 15.30 14.98 13.53 14.07 13.55 12.71 12.85 13.84 14.43 17.60 18.35 19.65 19.93 19.71 18.71 17.08 16.69 15.29 14.77 14.50 14.02 12.93 11.99 11.00 10.76 11.18 10.17 11.29 -9.99 -9.99 -9.99 -9.99 -9.99 -9.99 -9.99 14.46 15.61 15.26 14.97 14.27 13.70 -9.99 -9.99 -9.99
-9.99 -9.99 -9.99 -9.99 -9.99 -9.99 15.76 16.15 16.58 -9.99 -9.99 -9.99 -9.99 -9.99 -9.99 -9.99 -9.99 -9.99 -9.99 -9.99 -9.99 20.20 25.65 30.14 25.30 26.31 21.07 16.05 15.02 13.17 13.08 14.19 15.19 15.23 14.44 13.31 14.93 13.48 12.57 12.54 12.69 12.92 12.55 13.83 14.88 16.80 16.15 17.37 18.44 17.44 15.67 14.25 14.19 14.66 13.84 12.32 11.43 11.49 10.64 10.35 -9.99 -9.99 -9.99 -9.99 -9.99 -9.99 -9.99 -9.99 13.54 14.76 15.16 14.63 13.64 -9.99 -9.99 -9.99 -9.99
-9.99 -9.99 -9.99 -9.99 -9.99 -9.99 17.87 19.04 18.72 -9.99 -9.99 -9.99 -9.99 -9.99 -9.99 -9.99 -9.99 -9.99 -9.99 -9.99 24.48 20.19 21.79 26.23 27.02 22.26 20.67 15.81 14.93 13.22 12.92 15.74 15.55 16.55 14.79 13.43 15.71 13.34 12.69 12.56 11.52 11.41 11.08 13.18 13.50 14.05 14.75 13.94 17.13 16.48 14.70 13.41 14.78 13.90 13.61 12.37 11.15 11.01 9.95 10.39 10.63 10.56 -9.99 -9.99 -9.99 -9.99 -9.99 -9.99 15.86 15.15 14.11 -9.99 -9.99 -9.99 -9.99 -9.99 -9.99
-9.99 -9.99 -9.99 -9.99 -9.99 -9.99 -9.99 -9.99 -9.99 17.86 17.78 18.48 21.95 -9.99 -9.99 -9.99 -9.99 -9.99 21.40 23.38 25.84 25.97 24.87 24.01 22.30 21.69 15.93 13.55 13.14 13.38 13.57 26.16 20.98 15.81 14.67 14.76 15.33 13.96 14.06 12.83 12.01 11.84 11.28 12.07 12.40 12.95 13.96 14.37 14.71 14.44 12.83 12.67 13.36 12.59 11.53 11.18 11.07 9.84 9.55 10.07 10.15 9.87 -9.99 -9.99 -9.99 -9.99 72.63 68.67 71.17 -9.99 -9.99 -9.99 -9.99 -9.99 -9.99 -9.99 -9.99
-9.99 -9.99 -9.99 -9.99 -9.99 -9.99 -9.99 -9.99 -9.99 17.87 17.57 17.56 18.49 -9.99 -9.99 17.11 24.24 25.10 19.75 23.63 23.53 22.98 21.35 18.44 16.38 14.08 16.72 12.80 14.13 13.78 14.63 20.72 17.38 17.50 16.81 15.56 15.37 15.52 14.57 13.43 12.36 12.55 12.60 12.61 12.90 12.37 12.40 12.19 11.79 12.19 12.53 10.53 10.60 10.58 10.56 9.99 9.74 10.09 9.84 9.79 10.19 10.03 -9.99 -9.99 -9.99 -9.99 71.59 62.38 54.74 -9.99 -9.99 -9.99 -9.99 -9.99 -9.99 -9.99 -9.99
-9.99 -9.99 -9.99 -9.99 -9.99 -9.99 -9.99 -9.99 -9.99 -9.99 -9.99 -9.99 -9.99 -9.99 15.94 16.86 20.40 35.26 35.58 46.98 27.95 27.45 17.96 14.00 14.48 14.97 12.98 15.37 25.37 34.34 16.33 16.99 15.95 16.39 15.93 16.54 16.41 17.05 14.41 13.58 13.81 13.87 13.07 12.77 12.20 11.75 12.00 11.92 11.80 11.76 11.31 10.18 10.70 10.72 10.70 10.70 11.51 12.32 10.15 10.06 10.99 10.80 -9.99 -9.99 -9.99 -9.99 -9.99 -9.99 -9.99 -9.99 -9.99 -9.99 -9.99 -9.99 -9.99 -9.99 -9.99
-9.99 -9.99 -9.99 -9.99 -9.99 -9.99 -9.99 -9.99 -9.99 -9.99 -9.99 -9.99 -9.99 -9.99 19.89 19.22 21.88 24.58 28.25 25.42 23.88 16.46 15.25 13.34 13.25 15.47 14.39 14.59 15.11 16.07 16.41 17.27 16.10 16.12 17.05 18.77 19.20 18.48 14.64 13.79 14.13 15.76 16.05 15.08 12.59 11.65 11.68 11.93 11.40 10.79 10.75 10.69 10.27 11.32 10.48 9.33 11.86 11.88 10.66 11.29 12.16 -9.99 -9.99 -9.99 -9.99 -9.99 -9.99 -9.99 -9.99 -9.99 -9.99 -9.99 -9.99 -9.99 -9.99 -9.99 -9.99
-9.99 -9.99 -9.99 -9.99 -9.99 -9.99 -9.99 -9.99 -9.99 -9.99 -9.99 -9.99 -9.99 -9.99 27.08 26.27 29.14 30.82 27.52 25.37 19.87 15.41 13.18 14.09 13.44 13.26 15.20 13.82 14.61 15.87 16.55 17.12 16.02 16.77 17.71 18.91 19.13 17.92 16.18 14.25 13.54 16.80 15.44 12.65 12.36 12.13 11.75 11.91 11.04 10.34 9.65 9.54 10.19 9.87 9.94 10.13 10.67 10.77 12.50 -9.99 -9.99 -9.99 -9.99 -9.99 -9.99 54.94 37.50 -9.99 -9.99 -9.99 -9.99 -9.99 -9.99 -9.99 -9.99 -9.99 -9.99
18.89 18.17 20.56 -9.99 -9.99 -9.99 -9.99 -9.99 -9.99 -9.99 -9.99 -9.99 -9.99 -9.99 28.42 28.12 30.03 27.10 22.69 19.19 13.84 13.80 12.65 13.10 12.81 12.77 13.71 14.17 15.16 15.66 15.67 17.12 15.68 16.63 17.87 18.36 18.63 18.56 17.62 15.62 14.58 15.53 16.68 14.56 12.31 11.80 11.42 12.06 11.49 10.64 9.80 9.30 9.18 9.32 9.95 10.88 10.82 -9.99 -9.99 -9.99 -9.99 -9.99 -9.99 -9.99 -9.99 17.19 16.35 -9.99 -9.99 -9.99 -9.99 -9.99 -9.99 -9.99 -9.99 -9.99 -9.99
17.37 18.25 18.18 -9.99 -9.99 -9.99 -9.99 -9.99 -9.99 -9.99 -9.99 -9.99 -9.99 -9.99 34.08 32.82 30.67 27.81 19.18 18.59 14.03 14.29 13.37 12.94 13.15 12.47 14.56 13.36 13.73 15.10 15.49 14.96 15.86 16.29 17.33 18.83 19.51 17.94 19.50 15.55 14.86 15.09 13.87 13.44 12.29 11.73 12.45 15.82 11.04 10.17 9.57 9.32 9.44 9.46 9.93 11.32 11.27 12.16 17.27 -9.99 -9.99 -9.99 -9.99 -9.99 -9.99 16.81 15.76 -9.99 -9.99 -9.99 14.68 14.13 -9.99 -9.99 -9.99 -9.99 -9.99
17.72 18.46 18.79 -9.99 -9.99 -9.99 -9.99 -9.99 -9.99 -9.99 -9.99 -9.99 -9.99 38.58 33.99 36.13 29.35 21.54 17.50 14.66 15.23 16.48 16.22 15.07 13.09 12.65 12.37 12.10 13.05 15.46 14.77 14.54 15.66 16.88 18.02 20.22 20.27 18.46 20.95 18.31 13.56 14.24 24.66 12.49 12.55 12.01 12.72 13.22 32.34 25.04 9.27 9.21 9.10 9.08 10.26 11.92 -9.99 12.74 19.43 -9.99 -9.99 -9.99 -9.99 -9.99 -9.99 16.74 16.63 -9.99 15.29 14.76 14.82 15.30 -9.99 -9.99 -9.99 -9.99 -9.99
18.45 18.25 19.03 21.10 -9.99 -9.99 -9.99 -9.99 -9.99 -9.99 -9.99 -9.99 -9.99 33.97 35.38 30.66 25.50 15.56 16.21 14.38 16.99 17.05 15.80 14.17 13.91 12.01 11.33 11.80 12.15 13.29 14.57 16.63 15.26 16.14 15.69 18.77 19.53 20.03 19.49 15.00 13.80 13.49 13.85 12.90 12.09 11.21 12.23 12.14 10.89 11.36 9.63 9.23 9.37 9.41 9.64 11.76 -9.99 12.57 19.90 -9.99 -9.99 -9.99 65.64 47.09 19.02 17.48 17.07 -9.99 15.19 14.21 15.00 -9.99 -9.99 -9.99 -9.99 -9.99 -9.99
17.83 18.16 18.38 19.86 -9.99 -9.99 -9.99 -9.99 -9.99 -9.99 -9.99 -9.99 -9.99 28.05 29.28 19.92 18.30 16.43 17.56 16.47 18.45 18.19 17.58 15.17 14.15 13.43 12.55 12.06 11.97 12.29 14.03 20.46 14.72 14.15 14.22 14.96 17.76 17.33 16.96 15.35 14.64 13.88 14.55 12.94 12.24 11.45 11.43 11.48 10.20 10.14 9.76 9.64 9.75 9.81 9.97 -9.99 12.37 13.21 17.77 -9.99 -9.99 -9.99 54.94 45.18 18.10 17.85 17.08 15.15 15.33 14.02 14.75 -9.99 -9.99 -9.99 -9.99 -9.99 -9.99
17.07 17.28 17.75 -9.99 -9.99 -9.99 -9.99 -9.99 -9.99 -9.99 -9.99 -9.99 22.85 30.23 24.42 19.08 23.54 22.82 19.10 18.12 20.08 20.13 18.64 15.27 14.87 13.58 12.60 12.19 11.95 13.29 14.72 15.37 14.73 14.23 14.16 14.21 15.88 18.09 16.89 15.42 15.53 14.86 15.83 15.02 13.51 13.53 12.81 12.10 9.73 10.01 9.71 10.29 10.22 10.37 10.70 -9.99 12.20 13.02 -9.99 -9.99 -9.99 -9.99 17.13 16.09 16.78 16.08 15.56 14.95 15.17 15.04 15.19 -9.99 -9.99 -9.99 -9.99 -9.99 -9.99
17.51 17.48 -9.99 -9.99 -9.99 -9.99 -9.99 -9.99 -9.99 -9.99 -9.99 -9.99 28.83 32.96 26.99 20.16 30.18 26.98 19.43 17.93 17.32 19.63 18.24 14.56 14.35 13.64 13.57 13.45 12.43 12.24 14.01 13.85 14.83 14.10 13.69 14.43 16.00 17.60 16.73 15.61 18.45 18.41 17.53 17.49 16.00 13.86 13.71 11.93 10.45 -9.99 9.82 9.86 9.94 -9.99 -9.99 -9.99 -9.99 -9.99 -9.99 -9.99 -9.99 -9.99 13.66 14.46 16.79 17.22 -9.99 14.66 15.02 14.76 -9.99 -9.99 -9.99 -9.99 -9.99 -9.99 -9.99
18.31 -9.99 -9.99 -9.99 -9.99 -9.99 -9.99 -9.99 -9.99 -9.99 -9.99 -9.99 36.92 37.02 30.71 21.85 18.05 18.50 18.69 19.00 17.98 17.16 16.69 17.68 16.40 12.72 13.00 13.53 12.51 13.50 17.00 30.56 16.41 15.71 14.81 18.04 17.04 17.50 17.39 15.79 18.60 18.74 17.94 17.69 17.74 14.70 13.19 11.36 11.57 -9.99 -9.99 -9.99 -9.99 -9.99 -9.99 -9.99 -9.99 -9.99 14.04 16.17 -9.99 -9.99 -9.99 -9.99 -9.99 -9.99 -9.99 -9.99 -9.99 -9.99 -9.99 -9.99 -9.99 -9.99 -9.99 -9.99 -9.99
-9.99 -9.99 -9.99 -9.99 -9.99 -9.99 -9.99 -9.99 -9.99 -9.99 -9.99 39.64 42.88 37.72 25.86 22.53 20.73 18.70 18.70 18.67 18.75 17.31 16.37 17.61 17.08 13.66 12.61 12.93 11.98 12.66 15.21 17.23 13.24 13.93 14.24 15.83 16.58 17.51 17.46 16.84 18.45 18.34 16.37 17.27 16.10 13.46 13.19 11.78 11.00 -9.99 -9.99 -9.99 -9.99 -9.99 -9.99 -9.99 -9.99 12.42 14.31 16.38 17.05 -9.99 15.39 16.16 15.74 14.77 14.81 -9.99 -9.99 -9.99 -9.99 -9.99 -9.99 -9.99 -9.99 -9.99 -9.99
-9.99 -9.99 -9.99 -9.99 -9.99 -9.99 -9.99 -9.99 -9.99 -9.99 -9.99 41.84 41.33 35.14 22.00 20.32 19.49 19.15 18.70 18.47 18.11 17.57 17.60 17.04 15.82 12.68 13.19 12.64 11.86 12.01 12.70 17.40 12.68 14.31 13.82 16.28 15.80 16.43 17.26 15.69 16.59 20.82 17.30 16.96 15.04 13.63 13.59 12.32 11.74 -9.99 -9.99 -9.99 -9.99 -9.99 -9.99 -9.99 -9.99 12.56 13.39 14.59 17.11 18.26 17.55 16.25 15.20 14.59 13.83 -9.99 -9.99 -9.99 -9.99 -9.99 -9.99 -9.99 -9.99 -9.99 -9.99
-9.99 -9.99 -9.99 -9.99 -9.99 -9.99 -9.99 -9.99 27.38 33.12 -9.99 38.22 34.67 27.65 21.07 21.51 19.57 19.02 17.85 18.02 18.09 19.34 18.24 15.47 13.91 13.30 12.89 13.36 12.51 12.82 12.49 13.78 12.49 15.12 14.02 14.10 17.62 15.99 16.10 14.45 16.78 20.12 16.07 -9.99 13.90 12.84 12.76 12.65 -9.99 -9.99 -9.99 -9.99 -9.99 -9.99 -9.99 12.94 12.36 13.12 14.31 15.16 16.40 17.60 18.26 16.55 15.14 13.69 13.15 -9.99 -9.99 -9.99 -9.99 -9.99 -9.99 -9.99 -9.99 -9.99 -9.99
-9.99 -9.99 -9.99 -9.99 -9.99 -9.99 -9.99 -9.99 26.63 36.15 36.25 31.42 28.48 25.00 21.36 20.67 18.83 18.92 18.18 18.85 19.62 20.34 17.41 16.08 14.47 14.36 13.98 13.40 12.58 12.52 11.49 12.54 11.91 14.32 15.61 13.55 22.21 14.26 14.28 15.54 16.25 17.98 -9.99 -9.99 -9.99 -9.99 -9.99 -9.99 -9.99 -9.99 -9.99 -9.99 -9.99 12.39 12.84 12.48 12.81 14.10 14.68 14.64 15.31 16.36 17.05 15.86 14.38 13.28 13.44 -9.99 -9.99 -9.99 -9.99 -9.99 -9.99 -9.99 -9.99 -9.99 -9.99
-9.99 -9.99 -9.99 -9.99 -9.99 -9.99 -9.99 -9.99 -9.99 34.31 35.13 35.02 33.66 25.30 19.98 20.53 18.87 19.92 19.09 20.42 18.87 23.78 16.61 16.19 15.37 15.39 14.91 14.16 13.34 12.71 10.97 14.31 11.34 12.25 13.90 13.33 28.56 14.12 16.40 18.55 18.01 15.84 -9.99 -9.99 -9.99 -9.99 -9.99 -9.99 -9.99 -9.99 -9.99 -9.99 12.28 12.34 14.69 18.71 15.11 13.90 14.43 13.90 31.99 28.21 25.95 17.53 14.48 13.58 -9.99 -9.99 -9.99 -9.99 -9.99 -9.99 -9.99 -9.99 -9.99 -9.99 -9.99
-9.99 -9.99 -9.99 -9.99 -9.99 -9.99 -9.99 -9.99 25.08 29.32 29.81 31.87 32.43 24.45 19.32 19.40 17.95 18.07 17.12 17.18 16.36 20.03 17.07 15.43 15.75 16.50 15.94 15.77 14.57 13.18 11.02 12.97 11.92 12.63 11.64 13.55 25.75 14.12 14.79 15.39 15.58 15.87 -9.99 -9.99 -9.99 -9.99 -9.99 -9.99 -9.99 -9.99 12.93 16.62 12.93 12.83 12.07 12.61 20.97 12.91 13.14 13.10 14.28 18.57 14.25 14.24 13.91 13.73 -9.99 -9.99 -9.99 -9.99 -9.99 -9.99 -9.99 -9.99 -9.99 -9.99 -9.99
