tes_raster_real.asc
ncols        602
nrows        302
xllcorner     89.95
yllcorner    -15.05
cellsize      0.10
NODATA_value -9.99
[rows 102 to 135 of 302, columns 462 to 538 of 602]
-9.99 -9.99 -9.99 25.70 24.68 24.30 24.87 26.05 26.52 24.91 22.13 37.36 21.29 20.90 17.68 16.70 40.33 36.94 13.87 12.44 12.02 15.40 19.02 13.21 10.91 10.66 14.38 11.96 11.67 11.06 10.76 12.50 10.42 11.23 13.96 12.44 10.90 11.80 10.88 11.91 12.59 13.41 13.38 13.34 13.63 14.05 14.47 14.31 13.79 13.62 13.44 14.19 13.85 13.34 13.75 13.98 14.31 13.93 13.04 12.37 -9.99 -9.99 -9.99 -9.99 -9.99 -9.99 -9.99 -9.99 -9.99 -9.99 -9.99 -9.99 -9.99 -9.99 -9.99 -9.99 -9.99
-9.99 24.25 26.37 26.59 26.86 26.53 29.47 24.34 25.00 23.10 22.43 49.14 20.92 20.08 23.71 29.32 54.89 43.62 31.69 16.85 15.20 20.80 12.98 13.44 13.80 13.55 15.38 15.29 21.02 19.12 15.41 12.20 12.70 11.53 11.53 10.22 10.00 9.47 10.89 11.77 12.31 12.49 12.58 12.84 13.15 13.61 13.84 13.42 12.61 12.44 12.83 13.10 13.58 14.28 15.62 17.70 20.70 13.94 14.86 15.52 -9.99 -9.99 -9.99 -9.99 -9.99 -9.99 -9.99 -9.99 -9.99 -9.99 -9.99 -9.99 -9.99 -9.99 -9.99 -9.99 -9.99
21.42 22.89 25.22 25.53 26.28 26.19 39.80 25.83 22.93 21.81 29.65 65.34 19.63 23.59 18.20 17.93 28.62 12.85 12.38 12.58 23.91 27.26 11.27 10.50 9.92 10.69 12.87 14.40 9.67 9.26 9.63 9.62 9.05 9.43 9.59 9.27 8.92 8.93 9.58 10.36 11.34 11.28 11.65 12.25 12.87 13.28 13.20 12.55 11.96 11.92 12.91 16.81 13.01 13.48 13.69 13.82 29.36 13.98 14.09 13.38 -9.99 -9.99 -9.99 -9.99 -9.99 -9.99 -9.99 -9.99 -9.99 -9.99 -9.99 -9.99 -9.99 -9.99 -9.99 -9.99 -9.99
20.86 22.18 23.58 24.10 27.69 29.96 59.95 25.00 23.10 21.54 20.12 78.29 18.98 28.58 16.65 15.86 13.41 12.40 12.13 12.72 11.54 29.69 10.81 10.39 9.48 10.31 13.86 8.49 7.93 8.31 8.61 9.53 8.32 8.32 8.37 8.46 8.28 8.30 8.69 9.07 9.61 9.88 10.17 11.34 11.73 11.98 12.24 11.47 10.91 11.07 10.61 32.12 12.86 12.23 13.73 12.23 25.98 12.88 13.14 12.40 -9.99 -9.99 -9.99 -9.99 -9.99 -9.99 -9.99 -9.99 -9.99 -9.99 -9.99 -9.99 -9.99 -9.99 -9.99 -9.99 -9.99
20.85 21.82 23.98 22.03 25.88 33.06 49.04 25.22 23.06 19.09 17.64 77.17 16.14 16.46 15.90 13.19 32.45 11.64 11.62 12.17 12.40 20.74 10.34 9.89 9.69 8.34 8.17 7.60 7.81 8.16 8.09 8.79 7.97 7.98 7.93 8.00 8.44 8.11 7.98 7.82 7.97 8.95 8.85 9.74 10.20 10.43 11.21 9.71 9.37 9.83 10.30 24.29 11.42 12.78 13.33 13.12 36.35 10.65 10.93 11.35 -9.99 -9.99 -9.99 -9.99 -9.99 -9.99 -9.99 -9.99 -9.99 -9.99 -9.99 -9.99 -9.99 -9.99 -9.99 -9.99 -9.99
18.62 20.31 20.25 20.40 22.78 23.55 55.25 21.75 18.70 17.51 17.12 62.79 62.36 14.09 13.22 11.51 32.61 10.37 10.44 11.30 10.01 16.81 10.05 9.58 8.87 8.25 8.32 8.14 8.00 8.10 7.92 8.29 8.15 8.30 8.19 8.23 9.37 8.53 8.18 7.86 7.75 8.85 8.37 8.78 8.56 9.04 12.20 8.95 8.79 9.21 11.13 21.88 12.24 12.17 12.17 11.93 28.16 12.41 12.36 11.07 -9.99 -9.99 -9.99 -9.99 -9.99 -9.99 -9.99 -9.99 -9.99 -9.99 -9.99 -9.99 -9.99 -9.99 -9.99 -9.99 -9.99
18.84 18.84 18.82 18.48 38.56 64.42 27.91 22.95 21.15 37.95 56.92 84.55 67.52 46.89 39.09 41.23 39.52 23.43 9.44 9.48 9.82 12.38 9.00 8.29 8.03 8.56 9.09 8.59 8.29 7.88 7.82 8.08 8.55 8.89 8.85 9.06 9.95 9.73 10.01 9.72 8.66 10.81 10.66 10.95 10.49 9.99 10.70 10.37 11.80 12.12 12.55 19.71 15.57 16.76 19.38 13.05 18.11 11.83 13.34 12.71 -9.99 -9.99 -9.99 -9.99 -9.99 -9.99 -9.99 -9.99 -9.99 -9.99 -9.99 -9.99 -9.99 -9.99 -9.99 -9.99 -9.99
14.93 15.24 15.60 16.72 15.48 15.14 25.85 15.74 13.08 16.20 28.25 36.03 11.16 10.45 9.34 9.14 23.65 7.86 7.60 7.88 8.09 8.42 7.90 7.81 7.93 8.45 9.35 9.09 8.59 8.01 8.09 8.52 8.64 8.84 8.81 8.99 10.55 8.91 8.46 11.26 9.87 10.77 8.68 9.07 9.47 9.88 9.99 9.48 9.66 12.20 13.47 19.11 11.41 10.71 11.86 12.76 26.85 11.09 10.60 10.27 -9.99 -9.99 -9.99 -9.99 -9.99 -9.99 -9.99 -9.99 -9.99 -9.99 -9.99 -9.99 -9.99 -9.99 -9.99 -9.99 -9.99
12.91 13.53 13.59 12.99 12.51 12.03 12.34 11.42 11.32 10.97 10.50 10.42 10.81 9.96 8.97 8.63 8.72 8.21 7.76 7.54 7.69 7.95 8.01 8.16 8.38 8.60 9.01 8.89 8.98 8.75 8.71 9.27 8.75 8.86 8.75 8.89 13.75 9.25 8.60 8.03 9.68 10.95 8.33 8.81 9.11 9.48 12.26 10.61 10.19 11.01 12.31 13.69 10.46 10.89 11.06 12.56 19.19 10.52 9.69 9.42 -9.99 -9.99 -9.99 -9.99 -9.99 -9.99 -9.99 -9.99 -9.99 -9.99 -9.99 -9.99 -9.99 -9.99 -9.99 -9.99 -9.99
11.67 13.22 13.56 12.33 11.03 10.80 10.75 10.69 10.77 10.19 10.00 10.26 10.40 9.88 9.22 8.64 8.35 7.75 7.43 7.47 7.80 8.13 8.14 8.60 8.98 9.19 9.24 9.16 9.17 9.18 9.76 10.33 9.41 9.28 9.15 12.29 12.99 9.51 8.31 8.01 8.80 13.69 8.95 8.82 9.27 9.50 13.32 11.47 11.48 12.73 12.06 17.26 11.72 11.72 11.09 13.37 19.02 10.65 9.83 10.22 -9.99 -9.99 -9.99 -9.99 -9.99 -9.99 -9.99 -9.99 -9.99 -9.99 -9.99 -9.99 -9.99 -9.99 -9.99 -9.99 -9.99
12.44 13.66 12.95 11.29 10.94 10.89 10.70 10.94 10.80 10.61 10.40 11.57 10.18 9.92 9.40 8.87 8.23 7.69 7.40 7.49 7.97 8.65 8.78 9.06 9.56 9.97 10.14 10.20 10.09 10.15 10.70 12.91 10.05 9.88 10.74 11.17 11.11 10.56 8.33 8.51 9.44 15.17 12.25 9.67 9.96 9.97 13.24 10.87 11.48 13.72 14.48 18.78 12.19 12.50 13.06 12.45 14.65 9.88 9.79 10.01 -9.99 -9.99 -9.99 -9.99 -9.99 -9.99 -9.99 -9.99 -9.99 -9.99 -9.99 -9.99 -9.99 -9.99 -9.99 -9.99 -9.99
12.95 13.59 12.91 11.73 11.53 11.41 12.02 11.22 11.79 11.77 12.08 12.01 11.00 9.98 9.32 8.88 8.75 7.87 7.58 7.97 8.21 8.72 8.89 9.37 10.78 12.70 10.74 11.76 11.22 11.50 13.03 14.49 15.88 16.12 22.25 13.85 15.96 11.78 10.87 10.22 10.97 13.58 21.15 30.87 14.19 12.80 14.21 12.78 18.65 56.66 13.75 14.51 11.24 13.12 14.32 20.13 24.02 20.74 20.33 13.41 -9.99 -9.99 -9.99 -9.99 -9.99 -9.99 -9.99 -9.99 -9.99 -9.99 -9.99 -9.99 -9.99 -9.99 -9.99 -9.99 -9.99
12.20 13.07 12.53 11.43 11.64 12.09 12.12 11.22 11.99 13.02 12.95 13.11 11.36 10.22 9.35 8.61 10.25 7.94 7.78 7.50 7.63 8.57 8.97 9.43 10.48 10.64 10.78 11.24 10.89 10.85 12.09 14.43 12.44 10.24 9.61 10.50 15.41 8.87 8.97 10.53 13.26 14.44 10.40 10.44 10.70 11.03 13.67 10.57 10.42 10.28 11.24 13.14 10.38 10.40 11.03 10.73 11.38 9.20 8.80 8.83 -9.99 -9.99 -9.99 -9.99 -9.99 -9.99 -9.99 -9.99 -9.99 -9.99 -9.99 -9.99 -9.99 -9.99 -9.99 -9.99 -9.99
11.69 11.78 11.66 11.25 11.37 11.81 11.53 11.22 12.90 12.79 13.49 13.68 11.17 10.58 9.42 8.89 8.38 8.38 8.20 7.99 7.65 9.25 8.58 9.25 10.02 10.64 10.85 11.07 10.95 11.05 10.96 33.50 10.33 9.73 9.10 8.78 13.49 9.26 9.80 10.85 12.07 11.79 10.90 10.47 9.93 9.49 11.94 9.87 9.91 11.73 12.93 14.70 10.76 10.59 11.11 11.48 14.34 9.93 9.90 9.20 -9.99 -9.99 -9.99 -9.99 -9.99 -9.99 -9.99 -9.99 -9.99 -9.99 -9.99 -9.99 -9.99 -9.99 -9.99 -9.99 -9.99
11.73 11.51 11.75 11.85 11.64 11.64 11.83 11.42 11.75 11.40 11.67 13.39 15.00 10.29 10.65 9.47 10.72 8.71 8.80 8.42 8.35 10.28 8.25 8.83 9.59 10.27 11.56 10.85 10.19 10.44 10.38 30.88 11.29 9.44 9.19 9.27 12.05 9.54 10.13 11.55 11.04 11.14 10.73 10.09 9.77 10.11 12.22 9.77 9.96 12.92 13.65 13.27 10.09 10.23 11.02 11.32 13.46 11.62 11.00 10.85 -9.99 -9.99 -9.99 -9.99 -9.99 -9.99 -9.99 -9.99 -9.99 -9.99 -9.99 -9.99 -9.99 -9.99 -9.99 -9.99 -9.99
13.17 13.07 12.90 12.61 11.94 12.23 12.90 12.33 12.86 12.38 13.43 14.92 15.36 14.52 10.65 9.49 11.16 9.75 9.23 9.20 9.23 13.41 12.85 9.30 9.48 9.52 15.25 9.88 9.58 10.13 11.59 29.12 21.52 9.19 9.23 10.25 10.61 9.27 10.68 11.21 11.09 10.99 10.48 10.27 10.32 10.34 10.56 10.50 10.52 12.51 13.26 12.45 10.18 10.22 10.80 11.39 20.90 12.39 11.64 11.84 -9.99 -9.99 -9.99 -9.99 -9.99 -9.99 -9.99 -9.99 -9.99 -9.99 -9.99 -9.99 -9.99 -9.99 -9.99 -9.99 -9.99
14.91 15.58 16.16 13.90 12.42 14.49 16.00 14.84 15.37 14.51 12.46 13.34 14.18 13.95 13.71 13.50 21.15 19.87 15.65 14.08 11.79 20.12 32.64 54.65 12.57 11.61 16.01 19.07 16.41 14.70 15.40 11.70 12.05 14.06 12.99 12.52 10.88 12.06 11.85 13.33 11.65 10.70 9.92 9.77 13.94 15.09 15.43 11.26 12.37 12.99 18.86 15.97 11.67 14.81 14.83 15.76 16.07 15.19 15.44 16.69 -9.99 -9.99 -9.99 -9.99 -9.99 -9.99 -9.99 -9.99 -9.99 -9.99 -9.99 -9.99 -9.99 -9.99 -9.99 -9.99 -9.99
16.75 23.59 15.24 14.23 13.21 13.33 13.48 13.42 13.50 12.84 12.45 12.24 11.57 11.22 11.82 14.38 18.01 13.34 9.18 8.61 12.43 12.49 11.30 12.16 9.14 9.26 17.83 12.70 8.65 8.39 7.83 8.80 8.41 9.35 10.42 11.20 10.75 11.10 12.41 12.24 11.53 10.86 10.26 10.25 10.64 11.27 11.56 11.59 12.38 13.57 14.79 15.14 13.69 14.30 15.59 14.84 15.96 16.71 16.33 14.18 -9.99 -9.99 -9.99 -9.99 -9.99 -9.99 -9.99 -9.99 -9.99 -9.99 -9.99 -9.99 -9.99 -9.99 -9.99 -9.99 -9.99
15.91 19.96 15.16 12.80 12.13 12.01 11.95 11.85 12.11 11.84 11.62 11.19 10.59 10.04 10.08 11.10 14.03 9.72 9.97 9.81 9.19 12.87 10.78 10.62 10.12 9.88 21.92 9.22 8.30 8.09 8.29 10.14 8.55 9.53 9.77 10.66 15.01 11.45 12.95 13.41 14.11 12.45 11.02 11.53 11.36 11.74 13.06 11.84 12.76 14.06 16.64 16.07 14.25 14.40 15.46 15.76 22.02 15.84 16.13 16.64 -9.99 -9.99 -9.99 -9.99 -9.99 -9.99 -9.99 -9.99 -9.99 -9.99 -9.99 -9.99 -9.99 -9.99 -9.99 -9.99 -9.99
16.51 40.41 13.22 10.76 12.30 10.63 10.54 10.88 10.96 10.69 10.82 9.93 9.92 9.73 10.41 10.04 12.17 9.50 10.29 10.08 11.50 12.72 12.13 12.78 10.89 11.72 15.95 10.38 10.48 9.81 8.93 19.44 8.92 9.82 9.86 10.33 14.42 11.81 12.22 13.07 14.82 35.39 12.70 13.94 11.54 11.91 14.64 12.52 12.69 13.60 19.79 23.50 16.59 15.52 15.97 15.88 19.30 16.58 -9.99 -9.99 -9.99 -9.99 -9.99 -9.99 -9.99 -9.99 -9.99 -9.99 -9.99 -9.99 -9.99 -9.99 -9.99 -9.99 -9.99 -9.99 -9.99
16.10 34.24 13.03 11.78 12.55 11.69 12.20 11.62 11.21 10.76 10.02 10.70 10.13 10.30 10.43 10.00 10.90 10.00 10.30 10.69 13.23 14.26 12.04 13.61 12.99 11.84 43.22 11.86 12.25 11.93 9.76 10.16 8.86 9.10 10.08 10.33 11.97 11.79 11.58 14.07 22.41 40.89 15.27 15.37 13.59 13.44 12.56 12.90 12.80 14.07 29.22 16.35 16.78 15.36 15.76 14.70 -9.99 -9.99 -9.99 -9.99 -9.99 -9.99 -9.99 -9.99 -9.99 -9.99 -9.99 -9.99 -9.99 -9.99 -9.99 -9.99 -9.99 -9.99 -9.99 -9.99 -9.99
13.32 24.91 27.26 15.48 16.09 15.02 14.16 12.61 12.31 10.86 10.48 10.41 10.26 10.33 11.04 10.06 9.81 9.65 10.01 10.24 10.55 12.77 13.49 14.92 15.91 14.77 47.89 13.71 14.30 15.23 27.41 25.23 10.27 10.65 11.16 11.61 12.23 11.66 12.83 13.31 38.23 45.44 14.99 30.62 33.92 14.11 14.40 14.89 15.64 14.96 19.18 16.46 16.84 16.28 -9.99 -9.99 -9.99 -9.99 -9.99 -9.99 -9.99 -9.99 -9.99 -9.99 -9.99 -9.99 -9.99 -9.99 -9.99 -9.99 -9.99 -9.99 -9.99 -9.99 -9.99 -9.99 -9.99
13.50 12.54 15.85 12.16 12.44 14.78 14.72 14.00 12.04 18.78 31.56 28.80 11.03 11.18 10.63 10.16 10.92 10.13 11.09 11.08 10.89 11.22 11.53 12.01 12.76 17.94 41.65 15.90 11.30 11.04 18.76 31.00 11.01 11.06 11.14 11.95 15.91 13.09 13.44 15.89 18.22 17.32 20.24 22.64 20.29 15.58 15.56 15.06 15.46 15.81 20.44 17.82 -9.99 -9.99 -9.99 -9.99 -9.99 -9.99 -9.99 -9.99 -9.99 -9.99 -9.99 -9.99 -9.99 -9.99 -9.99 -9.99 -9.99 -9.99 -9.99 -9.99 -9.99 -9.99 -9.99 -9.99 -9.99
-9.99 14.88 12.97 12.77 13.15 13.30 25.23 14.25 13.52 13.40 61.30 40.45 12.42 10.36 10.94 12.09 13.46 12.86 11.85 12.35 12.41 12.48 12.05 12.27 13.53 12.64 25.68 16.38 12.97 12.59 12.26 48.90 11.46 11.71 11.94 12.28 14.47 13.61 14.19 16.30 18.16 20.38 22.54 22.55 21.04 18.94 -9.99 -9.99 -9.99 -9.99 -9.99 -9.99 -9.99 -9.99 -9.99 -9.99 -9.99 -9.99 -9.99 -9.99 -9.99 -9.99 -9.99 -9.99 -9.99 -9.99 -9.99 -9.99 -9.99 -9.99 -9.99 -9.99 -9.99 -9.99 -9.99 -9.99 -9.99
-9.99 15.57 13.82 15.29 16.09 15.82 42.34 15.62 15.47 15.54 13.80 36.91 12.02 12.07 12.30 13.18 18.55 16.41 14.71 15.18 14.56 15.06 13.89 13.79 14.16 14.27 26.13 15.92 14.42 13.93 36.17 25.83 12.82 13.56 12.76 12.91 14.17 14.19 15.08 16.42 20.54 23.86 22.86 21.68 21.56 20.29 -9.99 -9.99 -9.99 -9.99 -9.99 -9.99 -9.99 -9.99 -9.99 -9.99 -9.99 -9.99 -9.99 -9.99 -9.99 -9.99 -9.99 -9.99 -9.99 -9.99 -9.99 -9.99 -9.99 -9.99 -9.99 -9.99 -9.99 -9.99 -9.99 -9.99 -9.99
-9.99 -9.99 16.21 16.71 15.96 16.06 60.89 73.52 17.32 16.97 16.37 14.49 13.18 12.83 12.66 15.72 17.58 17.24 16.52 17.27 16.64 19.97 15.49 15.67 16.82 33.32 37.05 16.74 15.35 25.87 20.13 14.50 13.82 14.08 13.26 13.09 14.93 -9.99 -9.99 17.71 21.33 -9.99 -9.99 -9.99 -9.99 -9.99 -9.99 -9.99 -9.99 -9.99 -9.99 -9.99 -9.99 -9.99 -9.99 -9.99 -9.99 -9.99 -9.99 -9.99 -9.99 -9.99 -9.99 -9.99 -9.99 -9.99 -9.99 -9.99 -9.99 -9.99 -9.99 -9.99 -9.99 -9.99 -9.99 -9.99 -9.99
-9.99 -9.99 24.72 22.97 16.27 49.16 55.45 29.09 24.04 47.88 37.61 25.16 14.23 13.22 21.27 15.18 33.24 31.64 25.61 28.43 39.37 19.53 35.41 26.73 29.60 29.19 55.94 32.53 16.28 16.65 15.73 15.45 15.36 14.89 13.32 -9.99 -9.99 -9.99 -9.99 -9.99 -9.99 -9.99 -9.99 -9.99 -9.99 -9.99 -9.99 -9.99 -9.99 -9.99 -9.99 -9.99 -9.99 -9.99 -9.99 -9.99 -9.99 -9.99 -9.99 -9.99 -9.99 -9.99 -9.99 -9.99 -9.99 -9.99 -9.99 -9.99 -9.99 -9.99 -9.99 -9.99 -9.99 -9.99 -9.99 -9.99 -9.99
-9.99 -9.99 -9.99 -9.99 -9.99 -9.99 -9.99 16.22 14.44 14.68 14.06 20.10 11.36 11.77 12.21 13.86 19.21 15.92 17.33 28.35 27.81 29.24 19.70 19.03 18.96 18.38 20.85 17.48 17.76 18.68 17.20 17.11 16.76 -9.99 -9.99 -9.99 -9.99 -9.99 -9.99 -9.99 -9.99 -9.99 -9.99 -9.99 -9.99 -9.99 -9.99 -9.99 -9.99 -9.99 -9.99 -9.99 -9.99 -9.99 -9.99 -9.99 -9.99 -9.99 -9.99 -9.99 -9.99 -9.99 -9.99 -9.99 -9.99 -9.99 -9.99 -9.99 -9.99 -9.99 -9.99 -9.99 -9.99 -9.99 -9.99 -9.99 -9.99
-9.99 -9.99 -9.99 -9.99 -9.99 -9.99 -9.99 -9.99 -9.99 -9.99 12.15 12.32 11.05 11.27 12.12 13.83 16.90 16.26 17.41 18.81 19.30 18.37 18.04 18.32 18.17 17.19 17.88 18.17 18.67 18.77 19.07 -9.99 -9.99 -9.99 -9.99 -9.99 -9.99 -9.99 -9.99 -9.99 -9.99 -9.99 -9.99 -9.99 -9.99 -9.99 -9.99 -9.99 -9.99 -9.99 -9.99 -9.99 -9.99 -9.99 -9.99 -9.99 -9.99 -9.99 -9.99 -9.99 -9.99 -9.99 -9.99 -9.99 -9.99 -9.99 -9.99 -9.99 -9.99 -9.99 -9.99 -9.99 -9.99 -9.99 -9.99 -9.99 -9.99
16.68 14.97 14.21 13.99 14.04 14.40 -9.99 -9.99 15.34 12.36 11.87 11.53 12.14 12.18 12.67 13.97 15.37 16.47 18.14 18.51 18.60 17.47 18.21 20.66 21.34 21.01 17.87 18.79 -9.99 -9.99 -9.99 -9.99 -9.99 -9.99 -9.99 -9.99 -9.99 -9.99 -9.99 -9.99 -9.99 -9.99 -9.99 -9.99 -9.99 -9.99 -9.99 -9.99 -9.99 -9.99 -9.99 -9.99 -9.99 -9.99 -9.99 -9.99 -9.99 -9.99 -9.99 -9.99 -9.99 -9.99 -9.99 -9.99 -9.99 -9.99 -9.99 -9.99 -9.99 -9.99 -9.99 -9.99 -9.99 -9.99 -9.99 -9.99 -9.99
17.39 16.66 15.73 14.96 15.64 14.32 15.41 14.14 14.84 13.21 12.11 12.64 11.93 12.37 12.58 14.62 16.58 18.53 18.04 19.28 19.13 18.02 18.93 20.40 22.09 20.20 19.09 -9.99 -9.99 -9.99 -9.99 -9.99 -9.99 -9.99 -9.99 -9.99 -9.99 -9.99 -9.99 -9.99 -9.99 -9.99 -9.99 -9.99 -9.99 -9.99 -9.99 -9.99 -9.99 -9.99 -9.99 -9.99 -9.99 -9.99 -9.99 -9.99 -9.99 -9.99 -9.99 -9.99 -9.99 -9.99 -9.99 -9.99 -9.99 -9.99 -9.99 -9.99 -9.99 -9.99 -9.99 -9.99 -9.99 -9.99 -9.99 -9.99 -9.99
18.03 17.87 17.96 16.43 17.78 16.90 16.42 17.54 -9.99 -9.99 11.98 11.58 11.60 11.61 12.88 15.22 16.72 17.10 17.28 18.45 18.60 18.66 18.68 19.07 -9.99 -9.99 -9.99 -9.99 -9.99 -9.99 -9.99 -9.99 -9.99 -9.99 -9.99 -9.99 -9.99 -9.99 -9.99 -9.99 -9.99 -9.99 -9.99 -9.99 -9.99 -9.99 -9.99 -9.99 -9.99 -9.99 -9.99 -9.99 -9.99 -9.99 -9.99 -9.99 -9.99 -9.99 -9.99 -9.99 -9.99 -9.99 -9.99 -9.99 -9.99 -9.99 -9.99 -9.99 -9.99 -9.99 -9.99 -9.99 -9.99 -9.99 -9.99 -9.99 -9.99
17.79 -9.99 -9.99 -9.99 -9.99 -9.99 -9.99 -9.99 -9.99 -9.99 -9.99 -9.99 13.13 12.99 13.50 15.03 14.99 15.53 16.11 17.05 17.81 18.24 -9.99 -9.99 -9.99 -9.99 -9.99 -9.99 -9.99 -9.99 -9.99 -9.99 -9.99 -9.99 -9.99 -9.99 -9.99 -9.99 -9.99 -9.99 -9.99 -9.99 -9.99 -9.99 -9.99 -9.99 -9.99 -9.99 -9.99 -9.99 -9.99 -9.99 -9.99 -9.99 -9.99 -9.99 -9.99 -9.99 -9.99 -9.99 -9.99 -9.99 -9.99 -9.99 -9.99 -9.99 -9.99 -9.99 -9.99 -9.99 -9.99 -9.99 -9.99 -9.99 -9.99 -9.99 -9.99
-9.99 -9.99 -9.99 -9.99 -9.99 -9.99 -9.99 -9.99 -9.99 -9.99 -9.99 -9.99 -9.99 -9.99 14.64 14.45 14.73 15.18 15.65 -9.99 -9.99 -9.99 -9.99 -9.99 -9.99 -9.99 -9.99 -9.99 -9.99 -9.99 -9.99 -9.99 -9.99 -9.99 -9.99 -9.99 -9.99 -9.99 -9.99 -9.99 -9.99 -9.99 -9.99 -9.99 -9.99 -9.99 -9.99 -9.99 -9.99 -9.99 -9.99 -9.99 -9.99 -9.99 -9.99 -9.99 -9.99 -9.99 -9.99 -9.99 -9.99 -9.99 -9.99 -9.99 -9.99 -9.99 -9.99 -9.99 -9.99 -9.99 -9.99 -9.99 -9.99 -9.99 -9.99 -9.99 -9.99
