tes_raster_real.asc
ncols        602
nrows        302
xllcorner     89.95
yllcorner    -15.05
cellsize       0.10
NODATA_value  -9.99
[rows 104 to 129 of 302, columns 240 to 299 of 602]
-9.990000 -9.990000 -9.990000 -9.990000 15.634082 14.963443 15.941175 18.061823 19.322086 19.754513 18.010788 16.018882 14.211216 13.169130 11.826607 11.150987 10.657419 10.469963 10.660912 10.854035 10.741528 10.250073 10.360540 10.658789 10.619531 10.210779 11.036390 9.079712 9.113157 8.076766 8.169242 9.374133 10.749917 11.402874 11.425699 11.969258 15.456264 12.483579 13.017282 12.848102 13.135237 15.326342 15.228179 13.115633 13.646226 13.276035 -9.990000 -9.990000 -9.990000 -9.990000 -9.990000 -9.990000 -9.990000 -9.990000 -9.990000 -9.990000 -9.990000 -9.990000 -9.990000 -9.990000
18.453015 18.479053 17.940828 16.834658 15.667138 14.439439 15.371689 17.069255 18.116369 17.813336 15.780087 13.946350 12.720880 12.376848 11.122200 10.202930 10.492417 10.208645 10.325134 10.584387 10.752508 10.481512 10.245417 10.947599 10.929788 9.864102 8.670859 7.775305 7.233005 7.598491 8.826055 10.135937 10.875472 11.906933 12.848070 13.401034 14.495966 14.736808 14.996356 15.146347 16.180986 19.944213 20.367456 14.987618 14.593427 14.215339 -9.990000 -9.990000 -9.990000 -9.990000 -9.990000 -9.990000 -9.990000 -9.990000 -9.990000 -9.990000 -9.990000 -9.990000 -9.990000 -9.990000
17.481215 17.517583 16.703718 16.584511 14.650706 13.336014 13.732609 14.641519 14.488684 15.143192 13.215102 12.014433 10.794972 10.528644 10.071201 9.837071 9.459636 9.255691 10.617966 11.766974 10.422799 10.349593 10.283347 10.276089 9.984273 9.013268 8.354076 7.533284 7.170374 7.736120 9.256534 10.780692 11.864028 12.586304 12.889735 14.085391 16.009595 17.406756 18.680018 18.953832 21.662792 23.749903 22.650740 19.837961 19.981029 17.502353 17.304872 15.189696 -9.990000 -9.990000 -9.990000 -9.990000 -9.990000 -9.990000 -9.990000 -9.990000 -9.990000 -9.990000 -9.990000 -9.990000
17.664414 16.802398 18.496119 21.030512 17.124555 14.334646 14.171321 13.570766 13.352186 12.990483 12.002679 11.531109 9.839520 9.812305 9.488118 9.357128 9.328869 9.366833 10.214899 10.741596 10.690147 10.629601 10.616215 11.077681 9.935846 9.255958 8.083816 7.701784 8.250482 8.573461 10.188842 11.789947 12.438142 13.146612 13.151985 14.903926 16.499702 17.523840 18.809706 20.017464 23.254510 24.825702 23.148530 20.743610 21.682519 20.627783 19.014200 17.387074 -9.990000 -9.990000 -9.990000 -9.990000 -9.990000 -9.990000 -9.990000 -9.990000 -9.990000 -9.990000 -9.990000 -9.990000
18.843046 17.451248 20.209382 21.361013 14.907991 14.152024 14.426258 14.090175 13.022169 15.402882 13.832909 11.029348 9.659273 9.539374 9.717162 9.360548 9.335420 9.545495 10.182303 11.189373 11.062271 11.041808 10.862286 10.353292 10.081469 10.738603 9.840480 8.123039 8.123958 8.823146 10.764608 12.522231 13.335705 15.070347 14.636001 17.609158 16.697233 17.680888 18.768029 19.539061 23.930553 23.991681 21.800716 20.406669 24.266741 21.529415 -9.990000 -9.990000 -9.990000 -9.990000 -9.990000 -9.990000 -9.990000 -9.990000 -9.990000 -9.990000 -9.990000 -9.990000 -9.990000 -9.990000
19.057169 17.489207 18.587266 21.982212 17.799216 16.090227 14.757691 11.819629 11.684960 10.371879 10.143934 10.200306 9.863818 10.219763 11.511622 9.883133 9.451235 9.482176 10.387329 10.559916 10.745737 10.976913 10.679710 10.983351 10.591893 9.453717 8.223781 8.101186 8.750286 9.125750 10.256215 11.418507 12.906839 13.655369 13.645491 15.454368 16.322811 16.853390 16.823165 17.970616 18.716893 19.688625 -9.990000 -9.990000 -9.990000 -9.990000 -9.990000 -9.990000 -9.990000 -9.990000 -9.990000 -9.990000 -9.990000 -9.990000 -9.990000 -9.990000 -9.990000 -9.990000 -9.990000 -9.990000
17.170445 16.144189 18.310790 18.486234 18.067162 16.524300 14.229443 10.534721 13.423765 10.380764 9.891304 10.126199 10.466543 9.735510 10.232079 10.391484 9.948741 9.650964 10.052186 10.585767 10.700409 10.621015 11.020106 11.497629 10.636719 9.473982 8.216540 8.216329 10.675451 10.060254 10.341331 11.142669 12.291130 12.932876 13.120824 13.784942 14.775952 15.497881 15.364102 15.682147 -9.990000 -9.990000 -9.990000 -9.990000 -9.990000 -9.990000 -9.990000 -9.990000 -9.990000 -9.990000 -9.990000 -9.990000 -9.990000 -9.990000 -9.990000 -9.990000 -9.990000 -9.990000 -9.990000 -9.990000
15.773710 15.023361 13.832883 14.925127 14.205779 12.569001 12.234135 10.341100 12.258916 10.326018 10.020768 10.343313 10.522917 11.199535 10.986356 11.279926 11.248093 11.895206 12.310728 10.874070 10.653147 10.481789 11.388695 19.228996 16.985308 9.962348 9.121640 9.660084 10.852784 10.036618 10.603562 11.783290 12.121127 12.313603 12.398508 12.911443 13.408078 14.029267 13.560439 -9.990000 -9.990000 -9.990000 -9.990000 -9.990000 -9.990000 -9.990000 -9.990000 -9.990000 -9.990000 -9.990000 -9.990000 -9.990000 -9.990000 -9.990000 -9.990000 -9.990000 -9.990000 -9.990000 -9.990000 -9.990000
15.574772 17.660569 14.112086 15.636963 15.926258 17.336846 16.423396 11.864521 12.681808 11.476654 10.082854 11.008113 10.650921 10.821033 11.109389 11.555467 12.040187 12.261580 11.905048 11.866299 11.777340 11.344893 11.579121 19.303748 16.024265 9.921128 9.778401 10.247339 18.548661 10.337974 11.003637 12.013896 12.803622 12.411484 11.736352 11.500698 12.194556 12.936369 -9.990000 -9.990000 -9.990000 -9.990000 -9.990000 -9.990000 -9.990000 -9.990000 -9.990000 -9.990000 -9.990000 -9.990000 -9.990000 -9.990000 -9.990000 -9.990000 -9.990000 -9.990000 -9.990000 -9.990000 -9.990000 -9.990000
16.108732 18.109682 16.656322 19.677905 13.841111 15.791856 15.566653 13.504169 11.861239 13.109669 11.432025 12.338007 11.285634 10.674291 11.200768 11.692646 12.577916 12.631423 11.838585 11.987053 12.424691 12.353959 11.881932 14.071670 21.101891 27.800929 10.323851 10.602961 16.845762 10.813527 21.934880 15.173367 19.415466 13.286895 12.116049 12.801151 13.765612 14.662316 13.456759 -9.990000 -9.990000 -9.990000 -9.990000 -9.990000 -9.990000 -9.990000 -9.990000 -9.990000 -9.990000 -9.990000 -9.990000 -9.990000 -9.990000 -9.990000 -9.990000 -9.990000 -9.990000 -9.990000 -9.990000 -9.990000
14.492363 14.217744 14.513099 23.251456 13.848093 13.417338 11.368079 11.026996 11.535154 10.428447 9.400451 10.470635 10.335955 10.308489 10.321491 10.758832 10.970750 11.369453 11.919469 12.635478 12.797507 12.848529 11.957827 13.695434 12.590952 10.508001 9.836340 10.396448 14.903382 10.782268 11.495555 12.462174 13.543240 13.327778 13.622094 14.193007 14.695463 14.564230 13.392853 -9.990000 -9.990000 -9.990000 -9.990000 -9.990000 -9.990000 -9.990000 -9.990000 -9.990000 -9.990000 -9.990000 -9.990000 -9.990000 -9.990000 -9.990000 -9.990000 -9.990000 -9.990000 -9.990000 -9.990000 -9.990000
14.459901 13.423062 13.175429 22.905086 12.654976 12.367154 11.269926 10.948535 11.900219 9.340875 9.393354 9.318396 9.586640 9.844190 9.864451 10.020103 10.827599 11.089727 11.867601 13.266198 13.957836 13.815224 13.333392 13.047102 12.323839 10.347179 9.742468 9.885940 16.865246 10.999670 11.728627 12.602040 13.640851 14.289171 14.620856 15.257480 15.245225 15.627410 13.503401 12.830477 -9.990000 -9.990000 -9.990000 -9.990000 -9.990000 -9.990000 -9.990000 -9.990000 -9.990000 -9.990000 -9.990000 -9.990000 -9.990000 -9.990000 -9.990000 -9.990000 -9.990000 -9.990000 -9.990000 -9.990000
14.416798 13.402349 13.624200 13.526088 12.307165 11.919352 11.758274 11.156155 13.285191 9.661343 9.978671 9.353231 10.232667 10.014971 9.377360 9.378486 10.314451 10.692389 11.906620 13.303524 14.308002 14.411944 13.707026 13.030441 11.267853 10.277717 9.795164 11.112963 12.532334 13.472964 13.630172 15.461559 16.204041 17.791246 17.966414 18.458416 18.073507 17.702699 15.417566 14.380934 -9.990000 -9.990000 -9.990000 -9.990000 -9.990000 -9.990000 -9.990000 -9.990000 -9.990000 -9.990000 -9.990000 -9.990000 -9.990000 -9.990000 -9.990000 -9.990000 -9.990000 -9.990000 -9.990000 -9.990000
14.262537 13.136376 13.014665 15.051530 12.823262 12.113040 11.587573 12.265134 13.158554 12.181704 11.041615 10.982981 10.952142 13.104771 10.012715 9.350322 9.676576 10.335331 11.970923 13.471757 13.819125 13.438117 13.483882 13.264114 10.583757 10.500125 10.761055 12.458835 13.728987 14.686833 16.453133 18.413314 19.993368 20.173232 20.688913 20.324053 19.276063 18.700461 -9.990000 -9.990000 -9.990000 -9.990000 -9.990000 -9.990000 -9.990000 -9.990000 -9.990000 -9.990000 -9.990000 -9.990000 -9.990000 -9.990000 -9.990000 -9.990000 -9.990000 -9.990000 -9.990000 -9.990000 -9.990000 -9.990000
13.606442 13.277590 13.251945 14.266677 14.625848 14.051083 12.933382 13.988579 13.796799 14.094952 13.257107 10.304805 11.029585 14.946836 12.794475 10.149407 9.797890 10.426232 11.519451 12.549892 12.810605 12.898895 12.064092 14.495202 10.507512 10.180838 10.413739 11.727149 13.615057 14.710526 16.058833 18.507577 20.520558 20.196172 20.236554 20.146211 18.712494 19.177031 -9.990000 -9.990000 -9.990000 -9.990000 -9.990000 -9.990000 -9.990000 -9.990000 -9.990000 -9.990000 -9.990000 -9.990000 -9.990000 -9.990000 -9.990000 -9.990000 -9.990000 -9.990000 -9.990000 -9.990000 -9.990000 -9.990000
13.907527 13.442580 12.862475 14.945141 13.909864 13.199016 12.338776 13.233439 13.700720 13.703580 11.966006 9.497078 9.662325 9.449967 9.648489 9.795396 9.723465 10.353373 11.084731 11.979549 12.020958 11.760048 10.735402 14.950724 10.578709 9.801527 10.469661 11.844078 13.677007 14.808086 16.406754 17.239951 18.723125 18.182270 18.361750 17.907430 -9.990000 -9.990000 -9.990000 -9.990000 -9.990000 -9.990000 -9.990000 -9.990000 -9.990000 -9.990000 -9.990000 -9.990000 -9.990000 -9.990000 -9.990000 -9.990000 -9.990000 -9.990000 -9.990000 -9.990000 -9.990000 -9.990000 -9.990000 -9.990000
14.169501 13.648491 12.845298 14.358247 14.937307 13.453726 12.781041 12.493435 12.862853 12.695056 11.486389 8.988410 9.386912 9.755081 9.848388 9.978041 10.059182 10.419415 11.257748 11.538058 11.364449 10.882986 10.631178 10.892982 10.420800 9.913826 10.437116 12.004091 14.419058 15.777915 16.493182 15.773225 15.918666 17.541926 16.987133 16.897931 16.864147 15.950971 -9.990000 -9.990000 -9.990000 -9.990000 -9.990000 -9.990000 -9.990000 -9.990000 -9.990000 -9.990000 -9.990000 -9.990000 -9.990000 -9.990000 -9.990000 -9.990000 -9.990000 -9.990000 -9.990000 -9.990000 -9.990000 -9.990000
15.242871 14.903343 13.447486 13.656677 14.218409 13.582810 12.216259 11.671277 12.058901 11.718696 11.913715 10.941662 9.178738 9.640623 10.061864 10.403743 10.324913 10.617491 11.667205 11.492272 10.973933 10.352044 10.930183 11.333644 11.475188 11.896764 12.510864 12.239152 13.333845 16.129789 16.513265 17.027077 15.630739 17.052965 16.824483 15.723144 15.040788 15.001707 -9.990000 -9.990000 -9.990000 -9.990000 -9.990000 -9.990000 -9.990000 -9.990000 -9.990000 -9.990000 -9.990000 -9.990000 -9.990000 -9.990000 -9.990000 -9.990000 -9.990000 -9.990000 -9.990000 -9.990000 -9.990000 -9.990000
15.925408 14.491974 14.350408 14.396513 14.706409 13.898493 12.391285 11.300752 11.140040 11.210731 11.279120 9.086846 9.137842 9.429093 9.831264 10.427341 10.856698 10.709576 11.397296 11.017391 10.541392 10.171368 10.677278 10.829150 11.503746 12.108626 12.906425 12.776033 13.101213 14.590743 16.384014 17.947729 17.131426 17.920132 17.510416 15.405837 14.673958 14.253248 -9.990000 -9.990000 -9.990000 -9.990000 -9.990000 -9.990000 -9.990000 -9.990000 -9.990000 -9.990000 -9.990000 -9.990000 -9.990000 -9.990000 -9.990000 -9.990000 -9.990000 -9.990000 -9.990000 -9.990000 -9.990000 -9.990000
16.524919 15.534037 16.784218 14.389902 14.896222 13.860727 11.763165 10.971554 10.857962 9.096096 8.422466 8.630785 8.976712 9.519990 10.140791 10.583273 10.520295 10.881823 11.251649 10.716700 9.666169 10.768285 10.416200 10.739637 11.469492 10.983249 12.786411 13.227105 13.316229 14.300659 16.662412 17.491493 19.500109 18.765115 16.766734 15.074115 14.967046 15.188317 14.226633 -9.990000 -9.990000 -9.990000 -9.990000 -9.990000 -9.990000 -9.990000 -9.990000 -9.990000 -9.990000 -9.990000 -9.990000 -9.990000 -9.990000 -9.990000 -9.990000 -9.990000 -9.990000 -9.990000 -9.990000 -9.990000
16.162125 15.312818 14.300226 14.381208 14.375562 12.919604 11.338925 9.654817 8.885168 8.098805 8.073706 8.814476 9.398276 9.515962 10.039397 10.680004 10.488052 10.407987 10.323186 9.971074 9.221871 9.117049 9.846330 13.218902 10.631785 10.860092 11.928751 13.105434 13.980283 13.803060 14.093876 15.043836 16.546185 16.705653 16.046421 13.151428 13.411138 12.454147 12.726225 -9.990000 -9.990000 -9.990000 -9.990000 -9.990000 -9.990000 -9.990000 -9.990000 -9.990000 -9.990000 -9.990000 -9.990000 -9.990000 -9.990000 -9.990000 -9.990000 -9.990000 -9.990000 -9.990000 -9.990000 -9.990000
16.157883 14.693319 13.361259 13.382839 12.984025 12.133808 10.961107 9.430248 8.632467 7.897899 8.274576 8.812494 9.758678 9.707868 10.194117 11.188007 10.438941 9.863233 9.553546 9.126245 8.837713 9.194551 9.829979 13.695828 10.880391 11.345931 12.139431 12.778555 13.880124 13.769567 14.003227 14.901288 16.077372 14.883535 15.307730 14.138689 13.407245 12.901377 12.844453 12.787076 -9.990000 -9.990000 -9.990000 -9.990000 -9.990000 -9.990000 -9.990000 -9.990000 -9.990000 -9.990000 -9.990000 -9.990000 -9.990000 -9.990000 -9.990000 -9.990000 -9.990000 -9.990000 -9.990000 -9.990000
15.409288 13.850687 12.938047 12.372922 12.065805 11.127577 10.024188 8.521686 8.487926 8.468526 8.742168 8.815388 9.540352 9.915744 10.308262 10.571667 10.142038 9.331865 8.759718 8.896134 8.805227 8.922840 9.459256 14.858556 10.879520 11.518259 12.837600 13.548671 13.904119 14.433323 15.115875 16.481443 16.434230 15.270969 15.344863 14.893936 13.865418 14.061061 13.758908 13.504645 13.731914 -9.990000 -9.990000 -9.990000 -9.990000 -9.990000 -9.990000 -9.990000 -9.990000 -9.990000 -9.990000 -9.990000 -9.990000 -9.990000 -9.990000 -9.990000 -9.990000 -9.990000 -9.990000 -9.990000
14.441285 13.821777 12.709044 11.840804 11.020750 11.141333 9.352804 8.335033 8.496660 8.823050 9.150229 9.304231 9.764742 10.200022 10.660339 10.955804 10.282413 9.174418 8.759406 8.512654 8.818560 9.535028 10.022384 14.670902 11.267324 12.858165 14.522885 14.958167 16.747283 14.706238 15.637667 17.576238 18.131205 17.173427 16.180826 16.161393 14.193603 13.798729 14.068751 14.373244 14.048798 13.663444 -9.990000 -9.990000 -9.990000 -9.990000 -9.990000 -9.990000 -9.990000 -9.990000 -9.990000 -9.990000 -9.990000 -9.990000 -9.990000 -9.990000 -9.990000 -9.990000 -9.990000 -9.990000
14.882608 14.641971 14.296641 12.172962 11.648385 11.052430 9.265848 8.584414 8.874417 8.894828 8.988560 8.878162 9.325912 10.168927 10.575499 11.505042 11.090451 9.246790 9.656881 9.490734 9.435391 9.822515 10.523799 13.337675 15.429033 15.119490 14.579126 16.165889 17.381633 15.739664 16.481656 17.808360 18.525445 17.925052 17.016233 17.125867 14.943053 16.446185 14.388828 14.194829 13.984923 13.234098 -9.990000 -9.990000 -9.990000 -9.990000 -9.990000 -9.990000 -9.990000 -9.990000 -9.990000 -9.990000 -9.990000 -9.990000 -9.990000 -9.990000 -9.990000 -9.990000 -9.990000 -9.990000
13.605568 13.752163 12.545694 11.714071 11.356671 11.090408 9.749772 8.851050 9.097016 8.802891 8.876803 8.830099 9.237847 9.816426 10.689302 11.708100 10.340277 8.172106 9.187671 8.737940 8.812994 9.713835 10.812683 12.707176 11.915285 12.998458 14.842777 15.861281 16.320424 15.589409 16.325613 17.207743 17.824882 17.508777 17.538338 17.403055 15.327860 14.972434 14.809647 14.747420 13.422464 13.034402 -9.990000 -9.990000 -9.990000 13.686876 55.261972 -9.990000 -9.990000 -9.990000 -9.990000 -9.990000 -9.990000 -9.990000 -9.990000 -9.990000 -9.990000 -9.990000 -9.990000 -9.990000
