tes_raster_real.asc
ncols        602
nrows        302
xllcorner      89.950
yllcorner     -15.050
cellsize       0.100
NODATA_value -9999
[rows 162 to 188 of 302, columns 186 to 247 of 602]
-9999.000 -9999.000 -9999.000 18.753 18.904 17.072 16.238 15.548 15.215 14.226 13.607 12.751 11.889 11.907 12.696 13.497 14.814 16.259 14.765 15.492 14.907 14.845 14.878 14.386 13.786 12.633 12.161 12.187 12.142 12.387 12.138 11.703 11.967 12.316 11.890 12.354 12.774 14.415 14.274 15.721 16.725 17.006 15.708 15.774 15.118 15.959 16.048 14.286 13.146 12.241 11.490 11.921 11.939 12.447 13.005 12.738 12.747 13.223 13.111 12.608 12.179 12.050
-9999.000 -9999.000 -9999.000 -9999.000 16.902 17.009 16.285 16.600 16.153 16.364 14.594 14.011 13.421 15.002 15.750 16.292 18.033 28.547 18.375 16.436 15.614 15.600 19.231 14.556 13.375 12.688 12.390 12.535 14.121 12.771 12.261 11.530 11.063 11.289 11.027 11.754 12.485 12.872 14.066 14.590 14.952 15.102 15.358 15.406 15.435 15.757 15.882 14.412 15.020 14.862 14.415 12.941 13.257 12.390 12.535 12.853 13.216 12.998 13.228 12.904 12.719 12.479
-9999.000 -9999.000 -9999.000 -9999.000 -9999.000 18.763 19.843 19.419 17.588 16.042 15.724 15.345 14.509 15.530 16.835 17.957 20.222 21.143 19.369 17.180 15.639 16.222 24.364 14.563 13.541 12.887 12.691 12.444 12.852 12.438 11.722 11.428 11.024 11.045 11.607 11.489 11.670 12.308 13.236 13.190 13.488 14.450 14.966 15.463 16.085 15.180 15.188 14.234 15.155 15.762 14.571 12.726 12.636 12.708 12.142 12.597 11.775 11.892 12.866 12.785 12.781 11.818
-9999.000 -9999.000 -9999.000 -9999.000 -9999.000 20.294 20.112 20.049 18.243 16.490 16.214 16.107 19.481 16.642 18.777 21.470 22.656 22.863 19.952 19.424 17.649 16.719 14.892 14.580 14.307 13.328 13.444 13.515 13.773 12.137 11.440 11.427 11.548 11.869 11.444 10.929 10.816 11.279 11.612 12.518 12.753 13.171 14.326 16.368 17.449 16.904 17.474 17.428 15.366 15.652 14.011 15.466 14.821 14.467 12.884 12.316 12.012 12.095 12.680 12.007 12.151 11.334
-9999.000 -9999.000 -9999.000 -9999.000 -9999.000 19.793 20.479 20.290 18.638 17.224 16.950 16.986 16.891 17.602 19.790 22.081 25.459 24.857 21.155 19.564 18.386 17.717 16.464 15.544 14.894 13.700 13.998 14.258 14.485 13.858 13.811 14.290 15.068 13.517 12.413 11.840 11.632 11.774 11.708 11.722 12.225 12.590 16.418 13.707 14.781 14.468 14.127 13.757 15.088 15.501 14.409 14.741 14.671 14.353 13.336 12.731 12.014 12.038 12.094 12.088 11.502 11.213
-9999.000 -9999.000 -9999.000 -9999.000 -9999.000 -9999.000 -9999.000 19.963 18.827 17.971 17.729 19.638 19.260 17.202 18.748 20.842 23.537 23.294 22.424 20.972 -9999.000 -9999.000 -9999.000 -9999.000 15.233 14.111 14.726 15.217 16.041 14.574 16.205 15.884 16.139 15.756 13.577 13.016 12.502 12.548 12.190 11.383 12.021 12.317 13.032 13.247 13.622 13.281 15.734 14.610 14.109 14.110 14.124 14.586 17.032 15.491 16.194 14.195 13.159 12.309 12.480 11.876 11.530 11.085
-9999.000 -9999.000 -9999.000 -9999.000 -9999.000 -9999.000 -9999.000 20.362 22.149 20.144 22.836 27.232 22.332 20.038 -9999.000 -9999.000 -9999.000 22.727 22.241 -9999.000 -9999.000 -9999.000 -9999.000 -9999.000 -9999.000 15.072 15.250 26.298 15.403 15.255 14.994 15.002 14.734 16.379 15.158 13.482 13.607 13.609 13.352 13.065 13.101 12.537 12.991 13.056 13.506 14.711 14.269 14.242 17.074 14.334 14.806 14.982 16.919 16.197 16.077 15.539 13.804 13.570 12.344 12.537 11.981 11.726
-9999.000 -9999.000 -9999.000 -9999.000 -9999.000 -9999.000 -9999.000 -9999.000 18.569 17.452 19.259 23.730 -9999.000 -9999.000 -9999.000 -9999.000 -9999.000 -9999.000 -9999.000 -9999.000 -9999.000 -9999.000 -9999.000 -9999.000 -9999.000 14.201 14.082 14.808 14.409 14.651 14.896 15.126 14.347 15.510 14.742 13.832 13.152 13.160 13.091 13.831 13.580 13.368 15.238 14.564 13.912 13.661 14.078 14.162 14.330 13.737 14.444 15.108 16.500 14.864 13.628 12.776 12.544 13.259 13.142 12.550 12.261 11.443
-9999.000 -9999.000 -9999.000 -9999.000 -9999.000 -9999.000 -9999.000 -9999.000 20.693 18.576 18.026 19.069 -9999.000 -9999.000 -9999.000 -9999.000 -9999.000 -9999.000 -9999.000 -9999.000 -9999.000 -9999.000 -9999.000 -9999.000 -9999.000 -9999.000 14.342 14.587 14.357 13.971 14.989 16.436 16.596 15.879 15.577 15.217 15.470 14.474 14.791 14.734 14.112 14.573 16.806 15.209 15.415 13.798 14.264 14.223 13.149 13.484 13.097 13.077 13.412 11.987 12.367 12.405 12.109 11.065 10.633 10.446 10.406 10.497
-9999.000 -9999.000 -9999.000 -9999.000 -9999.000 -9999.000 -9999.000 -9999.000 -9999.000 -9999.000 17.919 18.460 -9999.000 -9999.000 -9999.000 -9999.000 -9999.000 -9999.000 -9999.000 -9999.000 -9999.000 -9999.000 -9999.000 -9999.000 -9999.000 -9999.000 14.963 15.024 16.394 15.994 16.343 18.441 19.191 18.412 16.379 16.346 15.620 15.315 14.549 15.243 14.456 15.142 14.077 15.230 15.024 14.408 14.818 15.192 13.358 13.026 13.409 12.848 13.379 12.298 12.262 11.959 11.584 11.073 10.693 10.166 9.743 8.980
-9999.000 -9999.000 -9999.000 -9999.000 -9999.000 -9999.000 -9999.000 -9999.000 -9999.000 -9999.000 -9999.000 -9999.000 -9999.000 -9999.000 -9999.000 -9999.000 -9999.000 -9999.000 -9999.000 -9999.000 -9999.000 -9999.000 -9999.000 -9999.000 -9999.000 -9999.000 -9999.000 15.955 17.598 17.150 16.396 17.090 18.566 19.224 17.647 15.503 14.104 14.411 13.794 13.303 13.872 13.812 14.748 14.580 14.464 14.117 13.752 21.528 12.788 12.680 13.380 13.010 12.647 13.137 13.606 13.752 12.546 11.714 11.357 11.090 9.750 8.851
-9999.000 -9999.000 -9999.000 -9999.000 -9999.000 -9999.000 -9999.000 -9999.000 -9999.000 -9999.000 -9999.000 -9999.000 -9999.000 -9999.000 -9999.000 -9999.000 -9999.000 -9999.000 -9999.000 -9999.000 -9999.000 -9999.000 -9999.000 -9999.000 -9999.000 -9999.000 17.190 16.996 16.428 16.813 16.511 20.553 23.639 20.088 17.246 15.514 14.394 14.511 14.717 15.823 14.186 13.533 14.164 14.737 14.895 14.226 14.426 14.152 13.620 14.049 14.203 13.879 14.150 14.583 14.883 14.642 14.297 12.173 11.648 11.052 9.266 8.584
-9999.000 -9999.000 -9999.000 -9999.000 -9999.000 -9999.000 -9999.000 -9999.000 -9999.000 -9999.000 -9999.000 -9999.000 -9999.000 -9999.000 -9999.000 -9999.000 -9999.000 -9999.000 -9999.000 -9999.000 -9999.000 -9999.000 -9999.000 -9999.000 -9999.000 -9999.000 16.643 17.063 15.886 20.220 24.200 19.365 19.235 17.525 17.998 17.164 17.756 15.723 15.097 15.434 14.911 14.081 13.904 15.352 14.847 14.854 14.823 15.090 15.977 14.888 15.045 14.787 16.410 14.985 14.441 13.822 12.709 11.841 11.021 11.141 9.353 8.335
-9999.000 -9999.000 -9999.000 -9999.000 77.747 85.993 -9999.000 -9999.000 -9999.000 -9999.000 -9999.000 -9999.000 -9999.000 -9999.000 -9999.000 -9999.000 -9999.000 -9999.000 -9999.000 -9999.000 -9999.000 -9999.000 -9999.000 -9999.000 -9999.000 -9999.000 -9999.000 -9999.000 20.928 19.586 20.477 17.959 17.375 19.063 17.810 17.407 16.690 15.880 15.581 15.554 15.537 15.443 17.053 17.711 16.967 17.087 16.937 17.255 18.093 16.857 16.734 16.835 16.332 16.552 15.409 13.851 12.938 12.373 12.066 11.128 10.024 8.522
-9999.000 -9999.000 -9999.000 -9999.000 21.542 72.933 -9999.000 -9999.000 -9999.000 -9999.000 -9999.000 -9999.000 -9999.000 -9999.000 -9999.000 -9999.000 -9999.000 -9999.000 -9999.000 -9999.000 -9999.000 -9999.000 -9999.000 -9999.000 -9999.000 -9999.000 -9999.000 -9999.000 18.625 17.601 18.173 19.425 19.593 22.376 21.562 16.890 16.131 16.890 17.132 16.669 17.223 19.646 20.671 20.662 22.291 20.125 19.908 18.982 18.045 19.341 18.085 15.979 15.758 16.527 16.158 14.693 13.361 13.383 12.984 12.134 10.961 9.430
-9999.000 -9999.000 -9999.000 -9999.000 -9999.000 -9999.000 -9999.000 -9999.000 -9999.000 -9999.000 -9999.000 -9999.000 -9999.000 -9999.000 -9999.000 -9999.000 -9999.000 -9999.000 -9999.000 -9999.000 -9999.000 -9999.000 -9999.000 -9999.000 -9999.000 -9999.000 -9999.000 -9999.000 18.764 19.349 20.959 22.793 23.688 22.532 19.401 17.391 17.348 17.883 18.168 18.960 20.733 22.884 22.269 21.100 21.990 22.200 22.249 22.789 19.369 18.684 16.137 14.137 18.758 15.888 16.162 15.313 14.300 14.381 14.376 12.920 11.339 9.655
-9999.000 -9999.000 -9999.000 -9999.000 -9999.000 -9999.000 -9999.000 -9999.000 -9999.000 -9999.000 -9999.000 -9999.000 -9999.000 -9999.000 -9999.000 -9999.000 -9999.000 -9999.000 -9999.000 -9999.000 -9999.000 -9999.000 -9999.000 -9999.000 -9999.000 -9999.000 -9999.000 -9999.000 -9999.000 20.639 20.789 22.588 23.501 21.606 18.237 18.321 18.779 19.256 20.359 21.146 22.382 22.369 22.321 22.247 22.064 22.982 24.403 23.661 19.831 18.985 20.531 19.803 17.816 16.337 16.525 15.534 16.784 14.390 14.896 13.861 11.763 10.972
-9999.000 -9999.000 -9999.000 -9999.000 -9999.000 -9999.000 -9999.000 -9999.000 -9999.000 -9999.000 -9999.000 -9999.000 -9999.000 -9999.000 -9999.000 -9999.000 -9999.000 -9999.000 -9999.000 -9999.000 -9999.000 -9999.000 -9999.000 -9999.000 -9999.000 -9999.000 -9999.000 -9999.000 -9999.000 -9999.000 -9999.000 22.261 21.371 20.245 19.037 19.626 19.616 21.943 21.719 23.900 23.460 23.351 23.813 23.652 24.145 25.079 25.592 23.181 21.009 19.784 17.609 15.944 19.133 17.123 15.925 14.492 14.350 14.397 14.706 13.898 12.391 11.301
-9999.000 -9999.000 -9999.000 -9999.000 -9999.000 -9999.000 -9999.000 -9999.000 -9999.000 -9999.000 -9999.000 -9999.000 -9999.000 -9999.000 -9999.000 -9999.000 -9999.000 -9999.000 -9999.000 -9999.000 -9999.000 -9999.000 -9999.000 -9999.000 -9999.000 -9999.000 -9999.000 -9999.000 -9999.000 -9999.000 -9999.000 -9999.000 -9999.000 -9999.000 -9999.000 -9999.000 25.745 26.472 26.704 26.241 24.651 24.174 25.594 24.397 24.605 24.132 25.412 23.326 21.122 20.109 19.124 17.256 15.954 16.548 15.243 14.903 13.447 13.657 14.218 13.583 12.216 11.671
-9999.000 -9999.000 -9999.000 -9999.000 -9999.000 -9999.000 -9999.000 -9999.000 -9999.000 -9999.000 -9999.000 -9999.000 -9999.000 -9999.000 -9999.000 -9999.000 -9999.000 -9999.000 -9999.000 -9999.000 -9999.000 -9999.000 -9999.000 -9999.000 -9999.000 -9999.000 -9999.000 -9999.000 -9999.000 -9999.000 -9999.000 -9999.000 -9999.000 -9999.000 -9999.000 -9999.000 -9999.000 -9999.000 -9999.000 -9999.000 28.137 27.361 27.767 27.139 28.250 26.690 26.090 25.082 24.746 21.607 20.869 18.950 16.001 15.374 14.170 13.648 12.845 14.358 14.937 13.454 12.781 12.493
-9999.000 -9999.000 -9999.000 -9999.000 -9999.000 -9999.000 -9999.000 -9999.000 -9999.000 -9999.000 -9999.000 -9999.000 -9999.000 -9999.000 -9999.000 -9999.000 -9999.000 -9999.000 -9999.000 -9999.000 -9999.000 -9999.000 -9999.000 -9999.000 -9999.000 -9999.000 -9999.000 -9999.000 -9999.000 -9999.000 -9999.000 -9999.000 -9999.000 -9999.000 -9999.000 -9999.000 -9999.000 -9999.000 -9999.000 -9999.000 -9999.000 -9999.000 -9999.000 -9999.000 28.084 26.429 26.593 26.701 26.169 23.039 20.649 17.286 15.679 14.425 13.908 13.443 12.862 14.945 13.910 13.199 12.339 13.233
-9999.000 -9999.000 -9999.000 -9999.000 -9999.000 -9999.000 -9999.000 -9999.000 -9999.000 -9999.000 -9999.000 -9999.000 -9999.000 -9999.000 -9999.000 -9999.000 -9999.000 -9999.000 -9999.000 -9999.000 -9999.000 -9999.000 -9999.000 -9999.000 -9999.000 -9999.000 -9999.000 -9999.000 -9999.000 -9999.000 -9999.000 -9999.000 -9999.000 -9999.000 -9999.000 -9999.000 -9999.000 -9999.000 -9999.000 -9999.000 -9999.000 -9999.000 -9999.000 -9999.000 -9999.000 26.225 30.256 27.638 26.311 23.456 20.894 19.126 15.262 13.462 13.606 13.278 13.252 14.267 14.626 14.051 12.933 13.989
-9999.000 -9999.000 -9999.000 -9999.000 -9999.000 -9999.000 -9999.000 -9999.000 -9999.000 -9999.000 -9999.000 -9999.000 -9999.000 -9999.000 -9999.000 -9999.000 -9999.000 -9999.000 -9999.000 -9999.000 -9999.000 -9999.000 -9999.000 -9999.000 -9999.000 -9999.000 -9999.000 -9999.000 -9999.000 -9999.000 -9999.000 -9999.000 -9999.000 -9999.000 -9999.000 -9999.000 -9999.000 -9999.000 -9999.000 -9999.000 -9999.000 -9999.000 -9999.000 -9999.000 -9999.000 -9999.000 26.080 26.783 25.830 24.710 22.015 19.288 15.565 15.304 14.263 13.136 13.015 15.052 12.823 12.113 11.588 12.265
-9999.000 -9999.000 -9999.000 -9999.000 -9999.000 -9999.000 -9999.000 -9999.000 -9999.000 -9999.000 -9999.000 -9999.000 -9999.000 -9999.000 -9999.000 -9999.000 -9999.000 -9999.000 -9999.000 -9999.000 -9999.000 -9999.000 -9999.000 -9999.000 -9999.000 -9999.000 -9999.000 -9999.000 -9999.000 -9999.000 -9999.000 -9999.000 -9999.000 -9999.000 -9999.000 -9999.000 -9999.000 -9999.000 -9999.000 -9999.000 -9999.000 -9999.000 -9999.000 -9999.000 -9999.000 -9999.000 28.097 26.799 25.180 22.620 19.342 17.553 17.050 15.871 14.417 13.402 13.624 13.526 12.307 11.919 11.758 11.156
-9999.000 -9999.000 -9999.000 -9999.000 -9999.000 -9999.000 -9999.000 -9999.000 -9999.000 -9999.000 -9999.000 -9999.000 -9999.000 -9999.000 -9999.000 -9999.000 -9999.000 -9999.000 -9999.000 -9999.000 -9999.000 -9999.000 -9999.000 -9999.000 -9999.000 -9999.000 -9999.000 -9999.000 -9999.000 -9999.000 -9999.000 -9999.000 -9999.000 -9999.000 -9999.000 -9999.000 -9999.000 -9999.000 -9999.000 -9999.000 -9999.000 -9999.000 -9999.000 -9999.000 -9999.000 -9999.000 -9999.000 26.582 23.151 20.189 16.588 15.653 15.840 15.242 14.460 13.423 13.175 22.905 12.655 12.367 11.270 10.949
-9999.000 -9999.000 -9999.000 -9999.000 -9999.000 -9999.000 -9999.000 -9999.000 -9999.000 -9999.000 -9999.000 -9999.000 -9999.000 -9999.000 -9999.000 -9999.000 -9999.000 -9999.000 -9999.000 -9999.000 -9999.000 -9999.000 -9999.000 -9999.000 -9999.000 -9999.000 -9999.000 -9999.000 -9999.000 -9999.000 -9999.000 -9999.000 -9999.000 -9999.000 -9999.000 -9999.000 -9999.000 -9999.000 -9999.000 -9999.000 -9999.000 -9999.000 -9999.000 -9999.000 -9999.000 -9999.000 -9999.000 -9999.000 21.875 17.470 16.855 15.996 16.074 15.195 14.492 14.218 14.513 23.251 13.848 13.417 11.368 11.027
-9999.000 -9999.000 -9999.000 -9999.000 -9999.000 -9999.000 -9999.000 -9999.000 -9999.000 -9999.000 -9999.000 -9999.000 -9999.000 -9999.000 -9999.000 -9999.000 -9999.000 -9999.000 -9999.000 -9999.000 -9999.000 -9999.000 -9999.000 -9999.000 -9999.000 -9999.000 -9999.000 -9999.000 -9999.000 -9999.000 -9999.000 -9999.000 -9999.000 -9999.000 -9999.000 -9999.000 -9999.000 -9999.000 -9999.000 -9999.000 -9999.000 -9999.000 -9999.000 -9999.000 -9999.000 -9999.000 -9999.000 -9999.000 19.846 19.161 17.727 15.973 16.137 15.757 16.109 18.110 16.656 19.678 13.841 15.792 15.567 13.504
