tes_raster_real.asc
ncols        602
nrows        302
xllcorner      89.950
yllcorner     -15.050
cellsize       0.100
NODATA_value -9999
[rows 162 to 188 of 302, columns 248 to 309 of 602]
14.900 11.064 10.099 9.227 9.091 9.624 8.946 8.823 8.266 8.811 10.563 9.294 9.456 9.680 10.167 16.024 10.677 10.667 10.830 9.945 10.611 10.542 9.747 10.131 17.821 21.960 11.927 11.516 11.066 11.253 12.941 12.082 10.943 11.307 10.631 10.889 10.936 10.153 9.954 13.607 11.352 -9999.000 -9999.000 -9999.000 -9999.000 -9999.000 -9999.000 -9999.000 -9999.000 -9999.000 -9999.000 -9999.000 -9999.000 -9999.000 -9999.000 -9999.000 -9999.000 -9999.000 -9999.000 -9999.000 15.231 15.190
11.834 11.551 10.176 9.486 9.050 8.572 9.092 9.343 9.378 9.326 9.658 9.334 9.756 10.991 11.673 12.807 11.243 12.090 11.373 10.643 11.269 11.133 10.128 12.894 18.209 28.045 13.404 14.011 12.777 12.658 12.293 11.755 12.693 12.071 11.845 11.125 12.470 10.973 9.799 11.047 -9999.000 -9999.000 -9999.000 -9999.000 -9999.000 -9999.000 -9999.000 -9999.000 -9999.000 -9999.000 -9999.000 -9999.000 -9999.000 -9999.000 -9999.000 -9999.000 -9999.000 -9999.000 -9999.000 -9999.000 15.410 14.178
11.824 11.626 10.181 9.130 8.628 8.268 8.007 7.624 7.904 8.298 8.589 8.875 9.315 10.456 11.666 12.185 13.192 14.796 15.337 13.927 10.974 10.772 10.838 12.088 12.571 25.327 13.381 14.264 14.315 13.362 11.989 16.339 16.157 12.967 11.561 11.795 11.651 11.703 10.414 -9999.000 -9999.000 -9999.000 -9999.000 -9999.000 -9999.000 -9999.000 -9999.000 -9999.000 -9999.000 -9999.000 -9999.000 -9999.000 -9999.000 -9999.000 -9999.000 -9999.000 -9999.000 -9999.000 -9999.000 -9999.000 -9999.000 -9999.000
11.639 11.297 10.020 9.024 7.889 7.705 7.644 7.310 7.456 7.981 8.281 8.579 9.232 10.189 12.032 12.245 12.470 13.612 15.074 14.047 10.902 11.583 12.039 12.895 13.152 21.585 13.587 13.933 15.102 13.767 12.965 13.016 13.668 13.103 14.419 13.735 12.923 -9999.000 -9999.000 -9999.000 -9999.000 -9999.000 -9999.000 -9999.000 -9999.000 -9999.000 -9999.000 -9999.000 -9999.000 -9999.000 -9999.000 -9999.000 -9999.000 -9999.000 -9999.000 -9999.000 -9999.000 -9999.000 -9999.000 -9999.000 -9999.000 -9999.000
11.452 11.369 10.254 8.743 7.804 8.081 8.187 7.865 6.991 7.516 7.811 8.169 9.189 10.352 11.426 11.935 12.899 13.488 14.535 12.801 13.470 12.953 13.122 13.104 12.888 16.377 13.768 14.711 15.420 15.776 13.707 14.084 14.776 16.542 15.444 15.561 -9999.000 -9999.000 -9999.000 -9999.000 -9999.000 -9999.000 -9999.000 -9999.000 -9999.000 -9999.000 -9999.000 -9999.000 -9999.000 -9999.000 -9999.000 -9999.000 -9999.000 -9999.000 -9999.000 -9999.000 -9999.000 -9999.000 -9999.000 -9999.000 -9999.000 -9999.000
10.885 10.777 10.275 8.511 8.021 8.498 8.453 8.046 7.161 7.488 7.786 7.931 8.851 8.932 10.303 11.929 12.379 12.706 13.797 14.589 14.011 13.873 14.195 14.238 13.832 14.144 14.036 14.906 15.855 17.121 16.520 15.341 17.551 17.498 16.735 -9999.000 -9999.000 -9999.000 -9999.000 -9999.000 -9999.000 -9999.000 -9999.000 -9999.000 -9999.000 -9999.000 -9999.000 -9999.000 -9999.000 -9999.000 -9999.000 -9999.000 -9999.000 -9999.000 -9999.000 -9999.000 -9999.000 -9999.000 -9999.000 -9999.000 -9999.000 -9999.000
11.306 12.613 11.520 8.524 8.245 9.482 8.994 8.370 7.366 7.567 8.039 8.496 9.348 9.818 9.829 10.832 11.485 12.066 14.687 14.149 14.320 15.498 14.801 14.755 14.730 19.104 13.361 14.626 14.378 15.970 15.483 16.323 18.064 17.993 -9999.000 -9999.000 -9999.000 -9999.000 -9999.000 -9999.000 -9999.000 -9999.000 -9999.000 -9999.000 -9999.000 -9999.000 -9999.000 -9999.000 -9999.000 -9999.000 -9999.000 -9999.000 -9999.000 -9999.000 -9999.000 -9999.000 -9999.000 -9999.000 -9999.000 -9999.000 -9999.000 -9999.000
10.974 10.675 9.851 8.558 8.300 8.269 8.021 7.871 7.552 7.756 8.214 8.558 8.493 9.157 9.853 11.053 12.325 12.537 13.327 14.660 15.859 15.100 15.504 15.317 15.105 14.265 13.611 14.748 15.841 14.276 15.541 15.869 -9999.000 -9999.000 -9999.000 -9999.000 -9999.000 -9999.000 -9999.000 -9999.000 -9999.000 -9999.000 -9999.000 -9999.000 -9999.000 -9999.000 -9999.000 -9999.000 -9999.000 -9999.000 -9999.000 -9999.000 -9999.000 -9999.000 -9999.000 -9999.000 -9999.000 -9999.000 -9999.000 -9999.000 -9999.000 -9999.000
9.664 9.179 8.546 8.574 8.461 8.719 8.575 8.019 7.910 7.834 9.042 8.194 8.770 9.555 10.740 12.608 12.703 13.534 13.632 14.351 14.471 14.827 15.248 15.852 16.038 15.255 15.266 16.205 16.237 14.361 14.995 14.444 -9999.000 -9999.000 -9999.000 -9999.000 -9999.000 -9999.000 -9999.000 -9999.000 -9999.000 -9999.000 -9999.000 -9999.000 -9999.000 -9999.000 -9999.000 -9999.000 -9999.000 -9999.000 -9999.000 -9999.000 -9999.000 -9999.000 -9999.000 -9999.000 -9999.000 -9999.000 -9999.000 -9999.000 -9999.000 -9999.000
9.349 8.788 8.800 8.504 8.882 9.473 9.617 9.176 8.334 7.804 7.782 7.846 8.435 9.757 10.902 12.864 12.500 13.176 14.478 15.350 15.841 15.368 15.737 16.751 16.746 16.435 16.426 16.249 15.924 14.337 15.828 14.904 -9999.000 -9999.000 -9999.000 -9999.000 -9999.000 15.877 58.949 -9999.000 -9999.000 -9999.000 -9999.000 -9999.000 -9999.000 -9999.000 -9999.000 -9999.000 -9999.000 -9999.000 -9999.000 -9999.000 -9999.000 -9999.000 -9999.000 -9999.000 -9999.000 -9999.000 -9999.000 -9999.000 -9999.000 -9999.000
9.097 8.803 8.877 8.830 9.238 9.816 10.689 11.708 10.340 8.172 9.188 8.738 8.813 9.714 10.813 12.707 11.915 12.998 14.843 15.861 16.320 15.589 16.326 17.208 17.825 17.509 17.538 17.403 15.328 14.972 14.810 14.747 13.422 13.034 -9999.000 -9999.000 -9999.000 13.687 55.262 -9999.000 -9999.000 -9999.000 -9999.000 -9999.000 -9999.000 -9999.000 -9999.000 -9999.000 -9999.000 -9999.000 -9999.000 -9999.000 -9999.000 -9999.000 -9999.000 -9999.000 -9999.000 -9999.000 -9999.000 -9999.000 -9999.000 -9999.000
8.874 8.895 8.989 8.878 9.326 10.169 10.575 11.505 11.090 9.247 9.657 9.491 9.435 9.823 10.524 13.338 15.429 15.119 14.579 16.166 17.382 15.740 16.482 17.808 18.525 17.925 17.016 17.126 14.943 16.446 14.389 14.195 13.985 13.234 -9999.000 -9999.000 -9999.000 -9999.000 -9999.000 -9999.000 -9999.000 -9999.000 -9999.000 -9999.000 -9999.000 -9999.000 -9999.000 -9999.000 -9999.000 -9999.000 -9999.000 -9999.000 -9999.000 -9999.000 -9999.000 -9999.000 -9999.000 -9999.000 -9999.000 -9999.000 -9999.000 -9999.000
8.497 8.823 9.150 9.304 9.765 10.200 10.660 10.956 10.282 9.174 8.759 8.513 8.819 9.535 10.022 14.671 11.267 12.858 14.523 14.958 16.747 14.706 15.638 17.576 18.131 17.173 16.181 16.161 14.194 13.799 14.069 14.373 14.049 13.663 -9999.000 -9999.000 -9999.000 -9999.000 -9999.000 -9999.000 -9999.000 -9999.000 -9999.000 -9999.000 -9999.000 -9999.000 -9999.000 -9999.000 -9999.000 -9999.000 -9999.000 -9999.000 -9999.000 -9999.000 -9999.000 -9999.000 -9999.000 -9999.000 -9999.000 -9999.000 -9999.000 -9999.000
8.488 8.469 8.742 8.815 9.540 9.916 10.308 10.572 10.142 9.332 8.760 8.896 8.805 8.923 9.459 14.859 10.880 11.518 12.838 13.549 13.904 14.433 15.116 16.481 16.434 15.271 15.345 14.894 13.865 14.061 13.759 13.505 13.732 -9999.000 -9999.000 -9999.000 -9999.000 -9999.000 -9999.000 -9999.000 -9999.000 -9999.000 -9999.000 -9999.000 -9999.000 -9999.000 -9999.000 -9999.000 -9999.000 -9999.000 -9999.000 -9999.000 -9999.000 -9999.000 -9999.000 -9999.000 -9999.000 -9999.000 -9999.000 -9999.000 -9999.000 -9999.000
8.632 7.898 8.275 8.812 9.759 9.708 10.194 11.188 10.439 9.863 9.554 9.126 8.838 9.195 9.830 13.696 10.880 11.346 12.139 12.779 13.880 13.770 14.003 14.901 16.077 14.884 15.308 14.139 13.407 12.901 12.844 12.787 -9999.000 -9999.000 -9999.000 -9999.000 -9999.000 -9999.000 -9999.000 -9999.000 -9999.000 -9999.000 -9999.000 -9999.000 -9999.000 -9999.000 -9999.000 -9999.000 -9999.000 -9999.000 -9999.000 -9999.000 -9999.000 -9999.000 -9999.000 -9999.000 -9999.000 -9999.000 -9999.000 -9999.000 -9999.000 -9999.000
8.885 8.099 8.074 8.814 9.398 9.516 10.039 10.680 10.488 10.408 10.323 9.971 9.222 9.117 9.846 13.219 10.632 10.860 11.929 13.105 13.980 13.803 14.094 15.044 16.546 16.706 16.046 13.151 13.411 12.454 12.726 -9999.000 -9999.000 -9999.000 -9999.000 -9999.000 -9999.000 -9999.000 -9999.000 -9999.000 -9999.000 -9999.000 -9999.000 -9999.000 -9999.000 -9999.000 -9999.000 -9999.000 -9999.000 -9999.000 -9999.000 -9999.000 -9999.000 -9999.000 -9999.000 -9999.000 -9999.000 -9999.000 -9999.000 -9999.000 -9999.000 -9999.000
10.858 9.096 8.422 8.631 8.977 9.520 10.141 10.583 10.520 10.882 11.252 10.717 9.666 10.768 10.416 10.740 11.469 10.983 12.786 13.227 13.316 14.301 16.662 17.491 19.500 18.765 16.767 15.074 14.967 15.188 14.227 -9999.000 -9999.000 -9999.000 -9999.000 -9999.000 -9999.000 -9999.000 -9999.000 -9999.000 -9999.000 -9999.000 -9999.000 -9999.000 -9999.000 -9999.000 -9999.000 -9999.000 -9999.000 -9999.000 -9999.000 -9999.000 -9999.000 -9999.000 -9999.000 -9999.000 -9999.000 -9999.000 -9999.000 -9999.000 -9999.000 -9999.000
11.140 11.211 11.279 9.087 9.138 9.429 9.831 10.427 10.857 10.710 11.397 11.017 10.541 10.171 10.677 10.829 11.504 12.109 12.906 12.776 13.101 14.591 16.384 17.948 17.131 17.920 17.510 15.406 14.674 14.253 -9999.000 -9999.000 -9999.000 -9999.000 -9999.000 -9999.000 -9999.000 -9999.000 -9999.000 -9999.000 -9999.000 -9999.000 -9999.000 -9999.000 -9999.000 -9999.000 -9999.000 -9999.000 -9999.000 -9999.000 -9999.000 -9999.000 -9999.000 -9999.000 -9999.000 -9999.000 -9999.000 -9999.000 -9999.000 -9999.000 -9999.000 -9999.000
12.059 11.719 11.914 10.942 9.179 9.641 10.062 10.404 10.325 10.617 11.667 11.492 10.974 10.352 10.930 11.334 11.475 11.897 12.511 12.239 13.334 16.130 16.513 17.027 15.631 17.053 16.824 15.723 15.041 15.002 -9999.000 -9999.000 -9999.000 -9999.000 -9999.000 -9999.000 -9999.000 -9999.000 -9999.000 -9999.000 -9999.000 -9999.000 -9999.000 -9999.000 -9999.000 -9999.000 -9999.000 -9999.000 -9999.000 -9999.000 -9999.000 -9999.000 -9999.000 -9999.000 -9999.000 -9999.000 -9999.000 -9999.000 -9999.000 -9999.000 -9999.000 -9999.000
12.863 12.695 11.486 8.988 9.387 9.755 9.848 9.978 10.059 10.419 11.258 11.538 11.364 10.883 10.631 10.893 10.421 9.914 10.437 12.004 14.419 15.778 16.493 15.773 15.919 17.542 16.987 16.898 16.864 15.951 -9999.000 -9999.000 -9999.000 -9999.000 -9999.000 -9999.000 -9999.000 -9999.000 -9999.000 -9999.000 -9999.000 -9999.000 -9999.000 -9999.000 -9999.000 -9999.000 -9999.000 -9999.000 -9999.000 -9999.000 -9999.000 -9999.000 -9999.000 -9999.000 -9999.000 -9999.000 -9999.000 -9999.000 -9999.000 -9999.000 -9999.000 -9999.000
13.701 13.704 11.966 9.497 9.662 9.450 9.648 9.795 9.723 10.353 11.085 11.980 12.021 11.760 10.735 14.951 10.579 9.802 10.470 11.844 13.677 14.808 16.407 17.240 18.723 18.182 18.362 17.907 -9999.000 -9999.000 -9999.000 -9999.000 -9999.000 -9999.000 -9999.000 -9999.000 -9999.000 -9999.000 -9999.000 -9999.000 -9999.000 -9999.000 -9999.000 -9999.000 -9999.000 -9999.000 -9999.000 -9999.000 -9999.000 -9999.000 -9999.000 -9999.000 -9999.000 -9999.000 -9999.000 -9999.000 -9999.000 -9999.000 -9999.000 -9999.000 -9999.000 -9999.000
13.797 14.095 13.257 10.305 11.030 14.947 12.794 10.149 9.798 10.426 11.519 12.550 12.811 12.899 12.064 14.495 10.508 10.181 10.414 11.727 13.615 14.711 16.059 18.508 20.521 20.196 20.237 20.146 18.712 19.177 -9999.000 -9999.000 -9999.000 -9999.000 -9999.000 -9999.000 -9999.000 -9999.000 -9999.000 -9999.000 -9999.000 -9999.000 -9999.000 -9999.000 -9999.000 -9999.000 -9999.000 -9999.000 -9999.000 -9999.000 -9999.000 -9999.000 -9999.000 -9999.000 -9999.000 -9999.000 -9999.000 -9999.000 -9999.000 -9999.000 -9999.000 -9999.000
13.159 12.182 11.042 10.983 10.952 13.105 10.013 9.350 9.677 10.335 11.971 13.472 13.819 13.438 13.484 13.264 10.584 10.500 10.761 12.459 13.729 14.687 16.453 18.413 19.993 20.173 20.689 20.324 19.276 18.700 -9999.000 -9999.000 -9999.000 -9999.000 -9999.000 -9999.000 -9999.000 -9999.000 -9999.000 -9999.000 -9999.000 -9999.000 -9999.000 -9999.000 -9999.000 -9999.000 -9999.000 -9999.000 -9999.000 -9999.000 -9999.000 -9999.000 -9999.000 -9999.000 -9999.000 -9999.000 -9999.000 -9999.000 -9999.000 -9999.000 -9999.000 -9999.000
13.285 9.661 9.979 9.353 10.233 10.015 9.377 9.378 10.314 10.692 11.907 13.304 14.308 14.412 13.707 13.030 11.268 10.278 9.795 11.113 12.532 13.473 13.630 15.462 16.204 17.791 17.966 18.458 18.074 17.703 15.418 14.381 -9999.000 -9999.000 -9999.000 -9999.000 -9999.000 -9999.000 -9999.000 -9999.000 -9999.000 -9999.000 -9999.000 -9999.000 -9999.000 -9999.000 -9999.000 -9999.000 -9999.000 -9999.000 -9999.000 -9999.000 -9999.000 -9999.000 -9999.000 -9999.000 -9999.000 -9999.000 -9999.000 -9999.000 -9999.000 -9999.000
11.900 9.341 9.393 9.318 9.587 9.844 9.864 10.020 10.828 11.090 11.868 13.266 13.958 13.815 13.333 13.047 12.324 10.347 9.742 9.886 16.865 11.000 11.729 12.602 13.641 14.289 14.621 15.257 15.245 15.627 13.503 12.830 -9999.000 -9999.000 -9999.000 -9999.000 -9999.000 -9999.000 -9999.000 -9999.000 -9999.000 -9999.000 -9999.000 -9999.000 -9999.000 -9999.000 -9999.000 -9999.000 -9999.000 -9999.000 -9999.000 -9999.000 -9999.000 -9999.000 -9999.000 -9999.000 -9999.000 -9999.000 -9999.000 -9999.000 -9999.000 -9999.000
11.535 10.428 9.400 10.471 10.336 10.308 10.321 10.759 10.971 11.369 11.919 12.635 12.798 12.849 11.958 13.695 12.591 10.508 9.836 10.396 14.903 10.782 11.496 12.462 13.543 13.328 13.622 14.193 14.695 14.564 13.393 -9999.000 -9999.000 -9999.000 -9999.000 -9999.000 -9999.000 -9999.000 -9999.000 -9999.000 -9999.000 -9999.000 -9999.000 -9999.000 -9999.000 -9999.000 -9999.000 -9999.000 -9999.000 -9999.000 -9999.000 -9999.000 -9999.000 -9999.000 -9999.000 -9999.000 -9999.000 -9999.000 -9999.000 -9999.000 -9999.000 -9999.000
11.861 13.110 11.432 12.338 11.286 10.674 11.201 11.693 12.578 12.631 11.839 11.987 12.425 12.354 11.882 14.072 21.102 27.801 10.324 10.603 16.846 10.814 21.935 15.173 19.415 13.287 12.116 12.801 13.766 14.662 13.457 -9999.000 -9999.000 -9999.000 -9999.000 -9999.000 -9999.000 -9999.000 -9999.000 -9999.000 -9999.000 -9999.000 -9999.000 -9999.000 -9999.000 -9999.000 -9999.000 -9999.000 -9999.000 -9999.000 -9999.000 -9999.000 -9999.000 -9999.000 -9999.000 -9999.000 -9999.000 -9999.000 -9999.000 -9999.000 -9999.000 -9999.000
