tes_raster_real.asc
ncols        602
nrows        302
xllcorner     89.95
yllcorner    -15.05
cellsize      0.10
NODATA_value -9.99
[rows 136 to 169 of 302, columns 231 to 307 of 602]
15.09 16.66 17.03 16.79 17.65 18.16 19.49 19.22 19.08 18.15 18.07 17.17 15.66 14.71 14.49 13.61 16.49 17.71 15.80 15.44 15.85 16.78 15.25 13.91 14.11 14.24 13.29 13.26 12.89 12.69 12.44 13.86 15.65 17.06 18.19 21.51 22.85 23.60 -9.99 -9.99 -9.99 -9.99 -9.99 -9.99 -9.99 -9.99 -9.99 -9.99 -9.99 -9.99 -9.99 -9.99 -9.99 -9.99 -9.99 -9.99 -9.99 -9.99 -9.99 -9.99 -9.99 -9.99 8.49 8.89 10.92 10.12 9.22 19.89 9.85 9.82 10.15 11.42 14.36 12.92 14.39 15.20 15.54
14.91 15.87 16.46 17.83 17.86 18.51 19.73 27.11 17.73 17.00 17.61 16.81 15.88 15.46 14.65 15.80 28.24 20.52 18.72 17.72 17.74 19.77 18.85 14.74 19.20 18.19 12.27 12.36 12.53 12.76 13.23 14.19 15.03 15.88 17.68 21.07 21.92 22.46 21.81 22.71 -9.99 -9.99 -9.99 -9.99 -9.99 -9.99 -9.99 -9.99 -9.99 -9.99 -9.99 -9.99 -9.99 -9.99 -9.99 -9.99 -9.99 -9.99 -9.99 -9.99 -9.99 -9.99 8.96 42.11 10.91 9.83 9.57 30.41 9.68 10.32 11.30 12.54 39.83 13.59 15.23 17.13 16.16
14.56 15.54 16.53 17.44 17.20 18.20 19.04 24.77 28.00 47.73 38.80 18.72 15.87 18.04 16.52 16.80 23.13 19.77 19.94 18.25 20.00 18.87 18.82 19.69 19.53 17.93 13.67 13.39 12.11 12.69 13.67 14.64 17.80 15.09 16.67 19.31 19.46 20.90 19.18 19.31 -9.99 -9.99 -9.99 -9.99 -9.99 -9.99 -9.99 -9.99 -9.99 -9.99 -9.99 -9.99 -9.99 -9.99 -9.99 -9.99 -9.99 -9.99 -9.99 -9.99 -9.99 -9.99 10.38 12.84 13.86 27.81 17.02 59.53 10.09 11.08 11.72 13.32 56.73 38.68 33.87 21.67 -9.99
13.92 14.69 15.76 16.31 16.43 17.47 18.45 20.78 18.50 17.98 18.26 17.17 16.30 15.44 16.65 19.18 18.41 18.78 17.93 16.77 19.06 19.25 16.46 20.07 19.18 15.69 13.39 12.88 11.12 11.41 13.01 12.80 13.51 14.19 15.68 17.47 16.90 16.72 16.44 15.62 16.70 -9.99 -9.99 -9.99 -9.99 -9.99 -9.99 -9.99 -9.99 -9.99 -9.99 -9.99 -9.99 -9.99 -9.99 -9.99 -9.99 -9.99 -9.99 -9.99 -9.99 -9.99 -9.99 11.53 9.60 14.93 9.69 11.13 9.72 10.47 11.05 12.36 46.81 23.33 15.92 15.78 -9.99
13.96 14.45 14.83 14.74 15.52 16.19 17.05 17.36 17.79 17.24 17.40 17.67 17.92 17.81 17.02 18.75 20.97 20.45 17.98 17.58 17.70 18.65 15.74 17.91 17.36 12.02 11.65 10.45 10.47 10.74 11.97 12.64 12.76 12.40 14.26 15.17 14.31 14.25 14.63 14.67 15.34 14.70 -9.99 -9.99 -9.99 -9.99 -9.99 -9.99 -9.99 -9.99 -9.99 -9.99 -9.99 -9.99 -9.99 -9.99 -9.99 -9.99 -9.99 -9.99 -9.99 -9.99 -9.99 -9.99 10.88 9.99 9.27 9.53 9.75 10.02 11.69 12.23 17.92 12.09 13.83 16.72 -9.99
13.27 14.24 14.37 14.32 14.19 15.02 15.70 18.96 16.82 16.76 16.50 16.61 16.54 16.59 15.25 15.62 18.36 20.02 19.68 19.58 19.08 17.22 17.00 14.95 12.96 12.20 11.57 11.13 10.24 10.35 10.97 11.23 11.27 11.07 11.69 12.54 13.31 13.72 14.02 15.13 16.35 16.05 14.96 13.29 13.77 -9.99 -9.99 -9.99 -9.99 -9.99 -9.99 -9.99 -9.99 -9.99 -9.99 -9.99 -9.99 -9.99 -9.99 -9.99 -9.99 -9.99 -9.99 -9.99 120.44 11.18 9.99 10.50 10.12 10.68 11.22 11.01 12.27 12.06 15.55 -9.99 -9.99
12.88 13.89 16.89 17.10 16.71 14.56 16.09 17.15 15.49 15.90 16.29 16.65 15.66 15.85 15.12 15.51 18.07 20.30 21.68 21.19 24.03 20.87 17.21 14.98 12.64 12.09 11.47 10.10 10.34 10.11 10.40 10.84 10.90 11.08 11.30 12.62 13.63 13.98 14.16 17.14 16.39 16.57 15.47 13.78 14.21 13.89 -9.99 -9.99 -9.99 -9.99 -9.99 -9.99 -9.99 -9.99 -9.99 -9.99 -9.99 -9.99 -9.99 -9.99 -9.99 -9.99 -9.99 -9.99 -9.99 12.13 10.55 11.12 11.11 10.87 10.86 11.08 11.04 -9.99 -9.99 -9.99 -9.99
12.54 14.29 16.80 16.48 16.36 15.12 18.29 20.87 24.37 15.20 15.65 16.13 17.57 17.60 16.74 17.57 18.75 21.35 19.41 20.20 20.40 19.08 18.17 14.37 14.83 14.75 15.31 16.16 12.34 11.82 10.60 10.49 10.73 11.00 11.10 12.13 13.79 15.08 16.86 19.42 15.38 14.55 14.77 20.46 14.94 14.43 -9.99 -9.99 -9.99 -9.99 -9.99 -9.99 -9.99 -9.99 -9.99 -9.99 -9.99 -9.99 -9.99 -9.99 -9.99 -9.99 -9.99 -9.99 -9.99 -9.99 11.04 11.70 11.54 11.29 11.10 11.14 -9.99 -9.99 -9.99 -9.99 -9.99
12.51 13.86 14.28 14.12 14.36 15.25 15.76 17.57 14.88 14.17 14.43 13.65 16.14 15.23 15.92 16.97 18.89 19.41 18.41 16.95 16.90 16.32 15.43 15.23 13.65 13.69 13.99 16.18 12.85 11.87 11.23 11.27 10.62 10.35 10.96 11.11 12.88 13.59 14.37 14.58 15.28 15.22 16.13 16.67 16.24 16.45 -9.99 -9.99 -9.99 -9.99 -9.99 -9.99 -9.99 -9.99 -9.99 -9.99 -9.99 -9.99 -9.99 -9.99 -9.99 -9.99 -9.99 -9.99 -9.99 -9.99 -9.99 11.29 11.32 11.55 11.56 -9.99 -9.99 -9.99 -9.99 -9.99 -9.99
12.66 13.59 13.99 13.64 13.85 14.94 15.29 15.94 14.86 14.40 13.99 13.55 17.73 15.77 16.35 17.17 18.21 17.98 17.72 17.06 16.89 15.50 16.30 15.68 14.33 14.40 16.39 15.98 14.27 12.67 11.95 12.25 12.32 10.20 10.77 11.57 13.48 14.80 16.36 17.37 17.46 16.94 18.09 17.28 16.95 17.15 -9.99 -9.99 -9.99 -9.99 -9.99 -9.99 -9.99 -9.99 -9.99 -9.99 -9.99 -9.99 -9.99 -9.99 -9.99 -9.99 -9.99 -9.99 -9.99 -9.99 -9.99 11.15 11.31 11.73 11.99 -9.99 -9.99 -9.99 -9.99 -9.99 -9.99
11.72 13.55 12.99 12.82 13.39 13.80 14.12 14.16 14.01 13.15 13.45 13.74 16.07 15.82 16.60 17.28 17.77 17.20 17.22 17.75 17.01 15.89 16.70 16.55 15.05 14.46 13.78 13.30 12.66 12.94 12.66 12.23 11.10 10.29 10.97 11.91 13.55 13.84 15.30 18.71 19.78 18.69 16.57 17.32 17.83 17.18 -9.99 -9.99 -9.99 -9.99 -9.99 -9.99 -9.99 -9.99 -9.99 -9.99 -9.99 -9.99 -9.99 -9.99 -9.99 -9.99 -9.99 -9.99 -9.99 -9.99 -9.99 10.44 10.81 10.91 10.91 -9.99 -9.99 -9.99 -9.99 -9.99 -9.99
9.62 11.57 11.63 11.62 12.14 11.76 11.96 12.77 12.95 13.09 13.39 14.22 15.94 20.18 15.88 17.71 17.64 17.23 16.72 16.61 16.83 16.36 17.15 17.34 16.81 16.06 14.32 20.20 12.82 13.39 13.04 11.68 12.52 10.54 11.27 12.86 14.00 13.92 13.97 17.37 18.99 18.35 17.55 17.31 18.40 17.90 -9.99 -9.99 -9.99 -9.99 -9.99 -9.99 -9.99 -9.99 -9.99 -9.99 -9.99 -9.99 -9.99 -9.99 -9.99 -9.99 -9.99 -9.99 -9.99 -9.99 -9.99 10.58 10.74 12.79 9.88 -9.99 -9.99 -9.99 -9.99 -9.99 -9.99
9.47 10.84 12.92 13.51 11.66 11.97 12.68 13.14 18.41 14.65 24.61 14.14 14.38 16.77 18.19 17.69 17.65 17.08 16.18 15.32 15.41 15.69 16.86 17.85 17.40 16.47 15.22 15.83 20.57 12.63 12.61 14.16 12.53 12.11 13.16 14.17 13.72 14.63 14.05 14.27 17.47 16.33 18.14 18.28 18.08 -9.99 -9.99 -9.99 -9.99 -9.99 -9.99 -9.99 -9.99 -9.99 -9.99 -9.99 -9.99 -9.99 -9.99 -9.99 -9.99 -9.99 -9.99 -9.99 -9.99 -9.99 -9.99 10.70 13.45 19.79 12.02 -9.99 -9.99 -9.99 -9.99 -9.99 -9.99
9.42 10.09 11.08 11.70 12.36 12.11 12.86 14.36 13.72 13.86 20.93 13.99 27.97 13.96 14.77 16.73 17.92 16.50 14.95 14.51 14.48 14.57 16.40 17.75 17.69 17.13 16.38 17.35 15.22 12.91 12.35 12.27 11.70 12.01 13.18 13.81 13.79 16.52 14.55 14.60 16.15 17.66 19.24 18.45 17.56 -9.99 -9.99 -9.99 -9.99 -9.99 -9.99 -9.99 -9.99 -9.99 -9.99 -9.99 -9.99 -9.99 -9.99 -9.99 -9.99 -9.99 -9.99 -9.99 -9.99 -9.99 9.28 8.99 11.07 11.32 9.35 -9.99 -9.99 -9.99 -9.99 -9.99 -9.99
10.31 10.75 11.90 12.25 13.27 13.97 13.37 13.98 13.41 13.51 13.69 13.60 33.07 13.51 14.55 15.23 18.36 16.15 13.79 13.54 13.80 13.81 15.92 16.12 17.77 17.03 16.02 16.12 15.72 14.02 11.62 11.32 13.21 12.85 13.64 14.20 15.53 16.64 15.46 16.06 18.75 20.88 19.55 17.33 18.32 -9.99 -9.99 -9.99 -9.99 -9.99 -9.99 -9.99 -9.99 -9.99 -9.99 -9.99 -9.99 -9.99 -9.99 -9.99 -9.99 -9.99 -9.99 -9.99 -9.99 -9.99 8.27 8.74 8.89 8.86 8.97 -9.99 -9.99 -9.99 -9.99 -9.99 -9.99
10.63 11.31 11.88 13.24 13.97 14.71 15.20 14.22 13.95 13.34 13.26 13.46 30.10 13.10 13.74 15.72 18.96 17.07 14.44 14.50 14.60 13.87 14.96 15.89 16.03 14.05 14.52 16.43 15.55 13.86 12.03 11.31 12.28 12.45 13.38 14.61 17.06 17.17 15.83 19.41 21.07 20.07 18.50 17.46 18.90 -9.99 -9.99 -9.99 -9.99 -9.99 -9.99 -9.99 -9.99 -9.99 -9.99 -9.99 -9.99 -9.99 -9.99 -9.99 -9.99 -9.99 -9.99 -9.99 -9.99 -9.99 -9.99 -9.99 8.23 8.26 8.36 9.97 -9.99 -9.99 -9.99 -9.99 -9.99
11.00 11.59 12.01 12.77 13.40 14.44 14.71 14.42 14.19 13.25 13.00 13.50 23.31 12.48 12.56 13.64 16.85 24.01 14.75 15.01 15.34 13.87 18.25 14.78 14.83 13.78 15.04 15.18 14.51 12.42 12.29 11.61 13.10 12.90 13.43 13.58 17.03 15.54 14.42 17.27 19.34 19.56 16.53 17.28 17.73 -9.99 -9.99 -9.99 -9.99 -9.99 -9.99 -9.99 -9.99 -9.99 -9.99 -9.99 -9.99 -9.99 -9.99 -9.99 -9.99 -9.99 -9.99 -9.99 -9.99 -9.99 -9.99 -9.99 8.71 8.05 7.96 8.64 -9.99 -9.99 -9.99 -9.99 -9.99
11.30 11.25 11.40 12.01 11.90 12.87 12.92 12.84 12.27 12.41 12.36 12.59 13.84 12.08 12.45 13.05 14.05 17.50 15.62 22.28 14.72 14.28 23.26 20.94 20.97 16.28 15.25 14.03 17.63 19.79 13.68 13.43 14.43 14.23 13.02 14.05 15.61 15.10 13.18 13.30 13.80 14.96 15.88 15.34 15.58 17.15 -9.99 -9.99 -9.99 -9.99 -9.99 -9.99 -9.99 -9.99 -9.99 -9.99 -9.99 -9.99 -9.99 -9.99 -9.99 -9.99 -9.99 -9.99 -9.99 -9.99 -9.99 -9.99 9.25 8.85 10.11 10.28 10.40 -9.99 -9.99 -9.99 -9.99
11.41 11.76 14.04 11.24 11.75 11.80 12.24 12.30 11.82 11.67 11.57 11.78 11.87 11.79 12.14 12.20 12.48 19.01 15.90 14.76 14.95 14.44 17.28 14.29 14.69 14.05 12.87 15.45 12.55 12.96 13.04 14.51 16.44 13.57 13.64 13.32 13.28 12.98 12.27 12.84 13.26 13.65 22.05 13.56 13.32 13.87 -9.99 -9.99 -9.99 -9.99 -9.99 -9.99 -9.99 -9.99 -9.99 -9.99 -9.99 -9.99 -9.99 -9.99 -9.99 -9.99 -9.99 -9.99 -9.99 -9.99 -9.99 -9.99 8.86 8.96 8.36 9.40 9.15 9.32 -9.99 -9.99 -9.99
12.80 13.60 12.90 12.12 11.73 11.83 11.92 12.04 11.68 11.10 11.41 11.55 12.04 11.33 11.35 11.58 11.63 29.62 14.13 15.00 15.03 13.70 14.60 13.93 13.29 13.39 12.31 13.63 12.31 12.18 12.40 13.13 18.25 14.55 13.32 12.69 13.09 13.15 12.49 11.49 12.45 12.97 15.79 11.87 11.99 11.86 12.31 -9.99 -9.99 -9.99 -9.99 -9.99 -9.99 -9.99 -9.99 -9.99 -9.99 -9.99 -9.99 -9.99 -9.99 -9.99 -9.99 -9.99 -9.99 -9.99 -9.99 -9.99 10.63 10.16 10.31 9.97 9.67 9.63 9.76 9.90 10.25
14.07 14.84 15.19 14.33 13.23 12.45 12.64 12.62 12.22 12.09 11.93 12.41 12.11 11.91 11.60 11.38 11.15 16.59 22.09 14.22 13.41 13.09 14.02 13.51 13.02 12.43 11.98 13.43 11.56 11.41 11.50 11.65 18.56 13.42 12.85 11.84 12.38 12.98 12.11 11.18 11.31 11.96 15.64 10.68 10.34 10.78 10.64 -9.99 -9.99 -9.99 -9.99 -9.99 -9.99 -9.99 -9.99 -9.99 -9.99 -9.99 -9.99 -9.99 -9.99 -9.99 -9.99 -9.99 -9.99 -9.99 -9.99 -9.99 -9.99 45.59 12.41 11.90 11.36 11.10 11.04 10.99 11.17
15.26 15.73 15.45 17.39 14.29 13.58 12.51 13.02 12.83 13.02 13.96 13.49 12.95 13.09 12.93 12.80 12.22 14.51 14.28 15.52 12.01 12.30 13.65 12.36 12.35 11.80 11.53 16.32 17.90 11.10 10.30 10.71 15.77 13.44 12.16 11.27 11.39 11.73 11.41 10.80 10.62 10.83 15.79 10.27 9.99 10.42 10.20 11.02 -9.99 -9.99 -9.99 -9.99 -9.99 -9.99 -9.99 -9.99 -9.99 -9.99 -9.99 -9.99 -9.99 -9.99 -9.99 -9.99 -9.99 -9.99 -9.99 -9.99 -9.99 42.44 13.99 13.61 13.43 13.15 13.10 13.12 13.03
16.13 17.06 15.69 19.34 13.35 13.20 14.25 13.38 12.78 12.76 12.56 12.33 13.99 14.59 15.12 13.79 14.53 14.02 15.17 15.53 12.59 12.53 12.50 11.55 11.22 11.55 14.68 15.69 11.59 20.90 27.60 25.28 19.12 13.65 12.34 15.58 11.89 13.19 14.10 13.84 12.80 11.29 15.80 10.69 11.12 10.80 10.99 10.87 11.05 10.75 10.35 -9.99 -9.99 9.57 8.67 7.53 7.13 7.65 7.02 -9.99 -9.99 -9.99 -9.99 -9.99 -9.99 -9.99 -9.99 -9.99 -9.99 -9.99 -9.99 15.23 13.92 13.52 14.28 14.66 15.34
17.08 18.82 16.60 15.96 13.73 13.38 13.69 13.23 12.49 11.80 11.49 11.96 15.41 12.59 11.64 12.49 13.78 14.21 14.73 13.93 10.75 12.13 12.83 11.98 11.68 12.83 12.36 12.30 11.80 10.61 11.17 11.89 15.67 12.46 11.85 12.03 11.16 10.99 10.89 10.67 9.96 9.70 13.90 10.09 11.46 11.07 11.30 11.57 11.13 11.21 10.88 10.57 10.76 9.66 8.89 7.74 6.98 6.80 6.86 8.81 -9.99 -9.99 -9.99 -9.99 -9.99 -9.99 -9.99 -9.99 -9.99 -9.99 -9.99 -9.99 13.02 14.02 -9.99 16.56 17.11
17.65 17.72 15.53 15.07 12.88 11.85 11.67 11.80 12.00 12.22 11.79 11.82 14.34 12.07 11.41 11.13 12.70 15.60 14.85 14.17 11.11 10.42 11.37 10.57 10.77 11.61 11.09 10.49 10.11 10.01 9.83 10.78 13.48 11.55 11.83 11.84 11.48 10.76 10.44 10.59 9.44 9.85 12.53 10.22 11.23 11.05 12.15 12.78 10.99 11.60 11.80 11.08 10.88 10.04 9.14 8.38 8.03 7.55 7.72 9.90 -9.99 -9.99 -9.99 -9.99 -9.99 -9.99 -9.99 -9.99 -9.99 -9.99 -9.99 -9.99 12.05 13.24 -9.99 -9.99 18.42
18.08 16.57 14.77 14.32 12.67 12.05 11.57 11.71 12.85 12.68 11.87 12.85 13.36 13.30 12.92 12.38 12.14 28.02 12.38 11.53 10.57 9.55 10.36 9.27 9.27 9.48 9.43 9.27 9.50 9.11 9.01 9.83 18.83 10.39 10.61 10.92 10.95 10.90 10.70 11.54 10.44 10.72 12.11 11.00 10.67 10.93 11.12 13.15 14.04 11.86 11.45 10.20 10.65 10.62 9.89 9.16 8.65 8.15 8.07 11.21 -9.99 -9.99 -9.99 -9.99 -9.99 -9.99 -9.99 -9.99 -9.99 -9.99 -9.99 -9.99 -9.99 -9.99 -9.99 -9.99 -9.99
15.96 16.05 14.29 13.15 12.24 11.49 11.92 11.94 12.45 13.00 12.74 12.75 13.22 13.11 12.61 12.18 12.05 14.90 11.06 10.10 9.23 9.09 9.62 8.95 8.82 8.27 8.81 10.56 9.29 9.46 9.68 10.17 16.02 10.68 10.67 10.83 9.94 10.61 10.54 9.75 10.13 17.82 21.96 11.93 11.52 11.07 11.25 12.94 12.08 10.94 11.31 10.63 10.89 10.94 10.15 9.95 13.61 11.35 -9.99 -9.99 -9.99 -9.99 -9.99 -9.99 -9.99 -9.99 -9.99 -9.99 -9.99 -9.99 -9.99 -9.99 -9.99 -9.99 -9.99 -9.99 -9.99
15.76 15.88 14.41 15.02 14.86 14.41 12.94 13.26 12.39 12.53 12.85 13.22 13.00 13.23 12.90 12.72 12.48 11.83 11.55 10.18 9.49 9.05 8.57 9.09 9.34 9.38 9.33 9.66 9.33 9.76 10.99 11.67 12.81 11.24 12.09 11.37 10.64 11.27 11.13 10.13 12.89 18.21 28.05 13.40 14.01 12.78 12.66 12.29 11.75 12.69 12.07 11.84 11.12 12.47 10.97 9.80 11.05 -9.99 -9.99 -9.99 -9.99 -9.99 -9.99 -9.99 -9.99 -9.99 -9.99 -9.99 -9.99 -9.99 -9.99 -9.99 -9.99 -9.99 -9.99 -9.99 -9.99
15.18 15.19 14.23 15.16 15.76 14.57 12.73 12.64 12.71 12.14 12.60 11.77 11.89 12.87 12.79 12.78 11.82 11.82 11.63 10.18 9.13 8.63 8.27 8.01 7.62 7.90 8.30 8.59 8.87 9.32 10.46 11.67 12.19 13.19 14.80 15.34 13.93 10.97 10.77 10.84 12.09 12.57 25.33 13.38 14.26 14.31 13.36 11.99 16.34 16.16 12.97 11.56 11.79 11.65 11.70 10.41 -9.99 -9.99 -9.99 -9.99 -9.99 -9.99 -9.99 -9.99 -9.99 -9.99 -9.99 -9.99 -9.99 -9.99 -9.99 -9.99 -9.99 -9.99 -9.99 -9.99 -9.99
16.90 17.47 17.43 15.37 15.65 14.01 15.47 14.82 14.47 12.88 12.32 12.01 12.10 12.68 12.01 12.15 11.33 11.64 11.30 10.02 9.02 7.89 7.71 7.64 7.31 7.46 7.98 8.28 8.58 9.23 10.19 12.03 12.24 12.47 13.61 15.07 14.05 10.90 11.58 12.04 12.89 13.15 21.59 13.59 13.93 15.10 13.77 12.96 13.02 13.67 13.10 14.42 13.73 12.92 -9.99 -9.99 -9.99 -9.99 -9.99 -9.99 -9.99 -9.99 -9.99 -9.99 -9.99 -9.99 -9.99 -9.99 -9.99 -9.99 -9.99 -9.99 -9.99 -9.99 -9.99 -9.99 -9.99
14.47 14.13 13.76 15.09 15.50 14.41 14.74 14.67 14.35 13.34 12.73 12.01 12.04 12.09 12.09 11.50 11.21 11.45 11.37 10.25 8.74 7.80 8.08 8.19 7.86 6.99 7.52 7.81 8.17 9.19 10.35 11.43 11.94 12.90 13.49 14.54 12.80 13.47 12.95 13.12 13.10 12.89 16.38 13.77 14.71 15.42 15.78 13.71 14.08 14.78 16.54 15.44 15.56 -9.99 -9.99 -9.99 -9.99 -9.99 -9.99 -9.99 -9.99 -9.99 -9.99 -9.99 -9.99 -9.99 -9.99 -9.99 -9.99 -9.99 -9.99 -9.99 -9.99 -9.99 -9.99 -9.99 -9.99
13.28 15.73 14.61 14.11 14.11 14.12 14.59 17.03 15.49 16.19 14.19 13.16 12.31 12.48 11.88 11.53 11.08 10.89 10.78 10.28 8.51 8.02 8.50 8.45 8.05 7.16 7.49 7.79 7.93 8.85 8.93 10.30 11.93 12.38 12.71 13.80 14.59 14.01 13.87 14.19 14.24 13.83 14.14 14.04 14.91 15.85 17.12 16.52 15.34 17.55 17.50 16.74 -9.99 -9.99 -9.99 -9.99 -9.99 -9.99 -9.99 -9.99 -9.99 -9.99 -9.99 -9.99 -9.99 -9.99 -9.99 -9.99 -9.99 -9.99 -9.99 -9.99 -9.99 -9.99 -9.99 -9.99 -9.99
14.71 14.27 14.24 17.07 14.33 14.81 14.98 16.92 16.20 16.08 15.54 13.80 13.57 12.34 12.54 11.98 11.73 11.31 12.61 11.52 8.52 8.25 9.48 8.99 8.37 7.37 7.57 8.04 8.50 9.35 9.82 9.83 10.83 11.49 12.07 14.69 14.15 14.32 15.50 14.80 14.76 14.73 19.10 13.36 14.63 14.38 15.97 15.48 16.32 18.06 17.99 -9.99 -9.99 -9.99 -9.99 -9.99 -9.99 -9.99 -9.99 -9.99 -9.99 -9.99 -9.99 -9.99 -9.99 -9.99 -9.99 -9.99 -9.99 -9.99 -9.99 -9.99 -9.99 -9.99 -9.99 -9.99 -9.99
13.66 14.08 14.16 14.33 13.74 14.44 15.11 16.50 14.86 13.63 12.78 12.54 13.26 13.14 12.55 12.26 11.44 10.97 10.67 9.85 8.56 8.30 8.27 8.02 7.87 7.55 7.76 8.21 8.56 8.49 9.16 9.85 11.05 12.32 12.54 13.33 14.66 15.86 15.10 15.50 15.32 15.10 14.27 13.61 14.75 15.84 14.28 15.54 15.87 -9.99 -9.99 -9.99 -9.99 -9.99 -9.99 -9.99 -9.99 -9.99 -9.99 -9.99 -9.99 -9.99 -9.99 -9.99 -9.99 -9.99 -9.99 -9.99 -9.99 -9.99 -9.99 -9.99 -9.99 -9.99 -9.99 -9.99 -9.99
