tes_raster_real.asc
ncols        602
nrows        302
xllcorner     89.95
yllcorner    -15.05
cellsize       0.10
NODATA_value  -9.99
[rows 208 to 233 of 302, columns 480 to 539 of 602]
-9.990000 26.057866 16.344331 16.198598 18.409317 19.964606 15.397666 16.426250 16.720210 17.045141 18.431479 19.538605 20.984525 21.550029 22.960004 21.706143 21.699996 20.841703 23.276381 24.782129 26.650881 28.863597 32.064916 28.741704 31.343120 28.286920 28.630273 30.616000 33.497369 37.198659 31.510942 32.602541 28.940823 26.693589 26.563018 23.062439 23.403469 20.458881 19.981156 19.849744 18.694971 17.999652 -9.990000 -9.990000 -9.990000 -9.990000 -9.990000 -9.990000 -9.990000 -9.990000 -9.990000 -9.990000 -9.990000 -9.990000 -9.990000 -9.990000 -9.990000 -9.990000 -9.990000 -9.990000
-9.990000 -9.990000 16.409214 16.545447 16.484299 14.541166 15.274556 15.953011 21.192783 15.593661 17.064645 19.595538 21.989211 22.552145 22.663757 21.947880 21.247805 20.456289 21.756905 25.164822 28.445668 29.471674 31.685825 30.377659 34.784318 29.468219 28.229063 28.529592 28.730898 28.890307 29.558837 28.554852 27.353667 33.841165 24.099356 24.824837 24.987079 21.966128 22.642809 19.435323 18.881009 17.089808 -9.990000 -9.990000 -9.990000 -9.990000 -9.990000 -9.990000 -9.990000 -9.990000 -9.990000 -9.990000 -9.990000 -9.990000 -9.990000 -9.990000 -9.990000 -9.990000 -9.990000 -9.990000
-9.990000 -9.990000 -9.990000 18.004812 16.535576 15.155500 15.727040 16.853517 17.199629 17.098961 17.914461 19.756266 22.313383 22.906054 23.360696 22.544681 21.871501 21.889495 22.952226 23.692753 26.861723 27.475020 30.179280 30.394472 32.243637 25.774678 26.153355 27.386513 27.322817 27.727220 26.667293 25.522511 25.507745 28.926941 24.873379 25.151291 23.122623 21.656480 25.133701 19.885969 18.895534 18.495721 -9.990000 -9.990000 -9.990000 -9.990000 -9.990000 -9.990000 -9.990000 -9.990000 -9.990000 -9.990000 -9.990000 -9.990000 -9.990000 -9.990000 -9.990000 -9.990000 -9.990000 -9.990000
-9.990000 -9.990000 -9.990000 18.040371 17.143139 16.423812 17.182149 17.618528 17.637666 18.337670 19.371857 21.114583 22.741176 24.776835 24.567700 23.393851 22.649995 22.122538 22.483652 23.572244 25.698158 27.899566 30.368038 29.846414 27.197985 25.741940 25.609604 26.016809 26.836742 26.015081 25.385188 25.903616 26.570270 31.195623 23.733377 22.739153 21.956617 29.652336 26.583995 20.019861 21.370996 18.450422 -9.990000 -9.990000 -9.990000 -9.990000 -9.990000 -9.990000 -9.990000 -9.990000 -9.990000 -9.990000 -9.990000 -9.990000 -9.990000 -9.990000 -9.990000 -9.990000 -9.990000 -9.990000
-9.990000 -9.990000 -9.990000 -9.990000 15.279736 16.506269 18.683880 18.981159 18.877212 19.516782 20.968140 22.372662 23.328079 24.005359 25.369889 23.974850 23.262865 23.019025 22.668796 24.306514 27.028271 29.067741 31.016595 33.955595 33.234946 28.524636 28.225318 28.314746 29.108165 26.573571 25.572413 25.200293 26.590282 38.264309 26.105615 22.059806 21.083487 21.054740 21.941313 20.302873 21.999338 20.281553 -9.990000 -9.990000 -9.990000 -9.990000 -9.990000 -9.990000 -9.990000 -9.990000 -9.990000 -9.990000 -9.990000 -9.990000 -9.990000 -9.990000 -9.990000 -9.990000 -9.990000 -9.990000
-9.990000 -9.990000 -9.990000 -9.990000 15.459938 17.066667 19.224542 19.276670 18.894276 19.216612 20.455845 21.370242 23.090881 24.097087 24.647280 24.308723 24.743424 24.687906 24.923215 24.439803 26.299634 26.498422 30.799475 37.051919 32.130822 26.649991 27.582484 28.041756 29.555406 26.856062 24.753069 24.563462 26.218986 31.692465 22.381636 21.967786 20.683057 20.584152 21.984818 19.482688 19.490880 17.836465 -9.990000 -9.990000 -9.990000 -9.990000 -9.990000 -9.990000 -9.990000 -9.990000 -9.990000 -9.990000 -9.990000 -9.990000 -9.990000 -9.990000 -9.990000 -9.990000 -9.990000 -9.990000
-9.990000 -9.990000 -9.990000 -9.990000 15.834384 16.816340 18.479233 19.747533 19.553151 19.349753 19.850562 21.411551 22.371852 22.294411 22.625392 23.388971 23.846982 25.130445 25.072441 23.970606 24.313282 25.450098 28.429957 41.272250 30.585907 26.763882 27.427322 26.209258 26.246088 24.546871 24.681680 23.949894 24.071434 25.322687 25.935524 27.385074 27.391726 20.688336 22.317173 19.841276 18.889448 17.589158 -9.990000 -9.990000 -9.990000 -9.990000 -9.990000 -9.990000 -9.990000 -9.990000 -9.990000 -9.990000 -9.990000 -9.990000 -9.990000 -9.990000 -9.990000 -9.990000 -9.990000 -9.990000
-9.990000 -9.990000 -9.990000 -9.990000 -9.990000 19.108802 19.350346 19.043683 19.409439 18.846852 19.931269 19.999409 21.317957 21.413918 22.015392 23.631181 23.353282 22.556911 22.859019 23.286972 23.551833 24.796739 27.066745 31.259032 29.701137 27.474183 26.042111 25.303971 26.069363 24.630853 22.600045 24.261007 24.481143 26.000462 26.241475 28.924335 27.802566 23.406818 24.050986 22.904948 20.578536 18.835239 -9.990000 -9.990000 -9.990000 -9.990000 -9.990000 -9.990000 -9.990000 -9.990000 -9.990000 -9.990000 -9.990000 -9.990000 -9.990000 -9.990000 -9.990000 -9.990000 -9.990000 -9.990000
-9.990000 -9.990000 -9.990000 -9.990000 -9.990000 -9.990000 26.712235 23.004392 17.209842 17.301688 17.108596 18.112874 19.485476 22.121947 20.812730 21.048673 21.115128 21.231989 21.491019 21.878216 22.802143 23.371091 24.403747 26.516559 26.898702 24.174788 22.730112 22.856302 28.001078 22.702085 22.941826 22.968376 23.822810 25.174588 25.383378 26.561240 26.908688 26.177651 26.724677 23.081547 20.996352 20.389546 -9.990000 -9.990000 -9.990000 -9.990000 -9.990000 -9.990000 -9.990000 -9.990000 -9.990000 -9.990000 -9.990000 -9.990000 -9.990000 -9.990000 -9.990000 -9.990000 -9.990000 -9.990000
-9.990000 -9.990000 -9.990000 -9.990000 -9.990000 -9.990000 -9.990000 21.976399 16.027747 15.677329 17.817577 19.218861 22.034742 20.902836 20.676451 19.519219 19.728427 20.265173 21.036174 21.744411 21.716158 21.928128 22.450588 22.762442 22.398658 22.381112 21.505588 36.939571 32.684578 24.251707 21.568739 19.395683 20.467606 20.136130 22.368459 21.964099 24.513440 23.392551 28.528419 18.463185 18.863519 18.044543 -9.990000 -9.990000 -9.990000 -9.990000 -9.990000 -9.990000 -9.990000 -9.990000 -9.990000 -9.990000 -9.990000 -9.990000 -9.990000 -9.990000 -9.990000 -9.990000 -9.990000 -9.990000
-9.990000 -9.990000 -9.990000 -9.990000 -9.990000 -9.990000 27.774082 17.494145 16.103460 15.906962 18.676938 21.459511 20.972970 20.490192 19.931869 19.892738 20.741220 21.374567 25.026539 33.459459 45.161370 29.846831 23.763152 22.398913 26.079010 25.620660 33.831868 30.350511 27.877282 21.800093 18.680258 18.827083 18.355518 19.899602 20.516482 20.517020 22.910226 22.647909 31.423155 39.141713 44.826707 19.045165 -9.990000 -9.990000 -9.990000 -9.990000 -9.990000 -9.990000 -9.990000 -9.990000 -9.990000 -9.990000 -9.990000 -9.990000 -9.990000 -9.990000 -9.990000 -9.990000 -9.990000 -9.990000
-9.990000 -9.990000 -9.990000 -9.990000 -9.990000 -9.990000 22.066946 16.083262 16.132404 15.942888 17.369627 18.564129 18.887395 17.821703 17.059953 16.115366 16.954887 18.024947 19.600630 19.085146 18.559755 18.136471 17.524500 38.763636 18.077154 17.958708 17.500984 16.657075 16.793787 17.795841 17.865013 17.875077 18.042212 19.726008 17.609236 18.897389 20.167007 20.104360 25.749183 18.022088 17.693485 18.585440 -9.990000 -9.990000 -9.990000 -9.990000 -9.990000 -9.990000 -9.990000 -9.990000 -9.990000 -9.990000 -9.990000 -9.990000 -9.990000 -9.990000 -9.990000 -9.990000 -9.990000 -9.990000
-9.990000 -9.990000 -9.990000 -9.990000 -9.990000 -9.990000 17.709255 14.982841 15.397679 15.645437 16.799197 16.840178 16.570172 15.374752 14.683223 15.076343 16.076370 17.502940 17.599348 16.793331 16.946100 16.480766 16.068590 57.117005 16.597487 15.944041 15.842639 16.203617 23.848979 16.259068 16.054466 16.766356 17.441453 18.793579 17.491198 16.026356 15.982899 16.573125 20.273449 16.296390 16.025689 16.853298 -9.990000 -9.990000 -9.990000 -9.990000 -9.990000 -9.990000 -9.990000 -9.990000 -9.990000 -9.990000 -9.990000 -9.990000 -9.990000 -9.990000 -9.990000 -9.990000 -9.990000 -9.990000
-9.990000 -9.990000 -9.990000 -9.990000 -9.990000 -9.990000 14.377944 13.818948 14.294260 14.071748 13.957723 14.423778 13.734359 14.941071 13.123541 13.589167 14.630030 15.164823 15.589418 15.069620 15.910298 15.394696 15.067046 78.791007 15.330550 14.116018 14.012721 15.054348 15.148248 15.234376 14.816655 15.345145 16.633093 17.599049 16.537778 15.788104 15.464478 15.364769 17.249115 14.553440 14.560731 15.019830 -9.990000 -9.990000 -9.990000 -9.990000 -9.990000 -9.990000 -9.990000 -9.990000 -9.990000 -9.990000 -9.990000 -9.990000 -9.990000 -9.990000 -9.990000 -9.990000 -9.990000 -9.990000
-9.990000 -9.990000 -9.990000 -9.990000 -9.990000 -9.990000 -9.990000 12.932127 13.996999 13.163744 12.928057 12.964699 12.635680 13.507258 11.649304 12.133501 13.176773 13.431357 14.430305 14.436739 15.067851 15.110441 18.980512 51.232590 13.403344 13.688332 14.336317 15.405967 15.145008 15.420078 15.732356 15.882142 18.333090 18.934404 15.114635 14.504387 14.458723 14.777860 15.091610 13.798626 13.523507 13.843879 -9.990000 -9.990000 -9.990000 -9.990000 -9.990000 -9.990000 -9.990000 -9.990000 -9.990000 -9.990000 -9.990000 -9.990000 -9.990000 -9.990000 -9.990000 -9.990000 -9.990000 -9.990000
-9.990000 -9.990000 -9.990000 -9.990000 -9.990000 -9.990000 -9.990000 31.536337 12.617717 13.673400 12.472253 12.171239 12.133291 12.023445 12.038249 12.511117 13.384046 13.974258 13.833391 14.092576 16.015475 18.533955 19.676754 39.878774 15.657351 14.591160 14.095386 16.677613 16.875220 19.026523 19.086000 19.254907 19.677139 18.081003 15.406786 14.151770 13.812904 13.407744 20.773366 12.705994 13.132567 13.846765 -9.990000 -9.990000 -9.990000 -9.990000 -9.990000 -9.990000 -9.990000 -9.990000 -9.990000 -9.990000 -9.990000 -9.990000 -9.990000 -9.990000 -9.990000 -9.990000 -9.990000 -9.990000
-9.990000 -9.990000 -9.990000 -9.990000 -9.990000 -9.990000 -9.990000 -9.990000 10.030311 9.967265 9.673141 9.881108 9.946985 10.675878 11.408715 11.499743 10.794041 10.765261 11.472394 11.480941 12.417875 13.201096 14.732291 34.053900 14.546661 12.213499 14.258804 14.362642 14.396172 15.034219 15.709159 14.630019 14.358012 15.030407 13.757377 12.274227 12.218097 12.815496 12.512972 12.113953 12.657743 13.411192 -9.990000 -9.990000 -9.990000 -9.990000 -9.990000 -9.990000 -9.990000 -9.990000 -9.990000 -9.990000 -9.990000 -9.990000 -9.990000 -9.990000 -9.990000 -9.990000 -9.990000 -9.990000
-9.990000 -9.990000 -9.990000 8.901836 8.667189 9.107658 8.971415 9.199171 9.582071 9.208168 9.102979 9.154749 9.343728 9.769139 10.574884 10.979424 10.683780 11.064961 18.313112 11.354516 12.157209 12.909826 14.339177 27.551584 12.288622 13.060763 14.048443 14.042185 14.948642 14.559262 13.760960 13.686480 13.992827 15.578170 11.743880 11.694692 11.989798 12.961035 12.964471 12.275982 12.315401 12.748063 -9.990000 -9.990000 -9.990000 -9.990000 -9.990000 -9.990000 -9.990000 -9.990000 -9.990000 -9.990000 -9.990000 -9.990000 -9.990000 -9.990000 -9.990000 -9.990000 -9.990000 -9.990000
-9.990000 9.162305 8.643842 8.173802 8.013221 8.612310 8.602851 8.439239 12.044611 8.653430 8.837772 9.267389 9.448437 9.726564 10.543522 10.810973 11.117089 11.289632 17.692924 11.906086 11.649793 13.193632 17.818430 22.357200 14.714195 15.592225 16.181765 16.440014 15.855096 14.385893 14.175033 13.594867 14.034746 16.516460 12.188388 11.905673 12.040774 12.595422 13.003788 11.836178 12.851444 12.865497 -9.990000 -9.990000 -9.990000 -9.990000 -9.990000 -9.990000 -9.990000 -9.990000 -9.990000 -9.990000 -9.990000 -9.990000 -9.990000 -9.990000 -9.990000 -9.990000 -9.990000 -9.990000
9.508760 9.531981 9.635827 8.829158 8.401785 8.237277 8.275113 8.648682 13.844231 12.383875 9.165716 9.343904 9.916444 11.427968 10.753284 10.883059 11.489448 11.605421 11.912655 12.179931 12.405467 14.477283 19.120395 21.911799 16.625596 16.565944 18.299253 16.953728 15.990170 14.868726 16.206305 17.050719 17.482673 18.883186 14.308418 12.911056 13.240841 13.076999 12.779385 11.764728 11.449465 12.465376 -9.990000 -9.990000 -9.990000 -9.990000 -9.990000 -9.990000 -9.990000 -9.990000 -9.990000 -9.990000 -9.990000 -9.990000 -9.990000 -9.990000 -9.990000 -9.990000 -9.990000 -9.990000
11.131047 11.294399 11.421172 11.825937 23.300898 16.510500 11.479286 9.752435 10.645201 9.619000 10.010426 9.796859 11.204948 13.710787 25.339748 23.312966 42.714003 62.724533 44.631049 53.751695 37.560994 22.056127 21.471912 20.859592 16.569437 17.250792 18.320474 22.225509 24.892645 17.888869 20.808390 22.302501 19.204863 19.263383 15.638218 14.457963 13.174691 12.930037 12.382201 12.341387 11.800518 13.502673 -9.990000 -9.990000 -9.990000 -9.990000 -9.990000 -9.990000 -9.990000 -9.990000 -9.990000 -9.990000 -9.990000 -9.990000 -9.990000 -9.990000 -9.990000 -9.990000 -9.990000 -9.990000
10.653802 8.947681 9.473672 10.409088 8.040015 8.120947 10.857019 9.792855 9.684126 9.154223 9.677843 10.165960 10.410381 13.580145 11.279963 11.612838 12.083352 12.368726 14.065511 12.879771 13.199259 14.844170 16.818145 17.792663 17.861933 18.949450 18.933597 16.945091 21.352956 16.649561 17.716040 18.568446 18.539601 17.437580 12.512803 12.993014 13.225933 12.794833 12.621569 12.870679 10.669617 10.996096 -9.990000 -9.990000 -9.990000 -9.990000 -9.990000 -9.990000 -9.990000 -9.990000 -9.990000 -9.990000 -9.990000 -9.990000 -9.990000 -9.990000 -9.990000 -9.990000 -9.990000 -9.990000
11.527731 8.040089 8.238617 9.818485 7.845701 8.223687 9.390225 10.473989 11.639733 9.561393 10.319974 10.994967 11.492789 18.630861 12.987424 13.178782 13.497765 14.227949 14.909483 13.698018 14.300245 16.133751 17.047430 18.098662 17.592336 19.106056 18.789072 17.037809 19.194583 17.469776 18.183559 19.261224 17.912217 16.712961 12.654287 12.125570 12.803692 12.820706 12.274028 11.688954 10.921020 10.552975 11.269976 14.495808 12.021029 12.712445 12.907234 12.508451 14.977337 14.162866 12.665581 -9.990000 -9.990000 -9.990000 -9.990000 -9.990000 -9.990000 -9.990000 -9.990000 -9.990000
16.339997 20.710327 8.560556 21.039825 8.539274 8.429445 9.161931 10.607155 12.298723 9.760241 10.748239 11.464674 12.195164 19.318216 13.955697 14.151763 14.510270 16.456707 16.488103 16.283592 16.181849 16.786957 18.114804 18.979303 17.527038 19.106768 17.076361 15.822650 17.817382 16.840467 17.350345 18.505983 15.646729 13.200297 12.047719 11.485461 12.182992 12.581903 14.673791 12.164524 11.191883 10.600869 10.885381 14.409218 11.382215 12.652600 12.700084 13.068120 14.854561 13.995056 13.517770 -9.990000 -9.990000 -9.990000 -9.990000 -9.990000 -9.990000 -9.990000 -9.990000 -9.990000
28.757795 27.700353 10.672814 32.463887 14.797501 9.146551 11.236667 11.473191 13.597268 10.488131 11.205234 12.238044 12.779536 22.802227 13.867218 14.463071 17.245304 17.717348 17.748944 18.219362 17.377588 17.014617 17.994586 17.609322 17.869362 18.189297 15.681067 16.114489 27.583677 17.487767 16.911901 14.370356 13.329638 13.218489 12.368606 11.573326 11.943054 12.480137 15.077511 12.084933 10.974512 10.319441 10.994995 14.113495 12.193904 11.740451 12.206555 13.153311 14.565584 14.148186 14.151797 -9.990000 -9.990000 -9.990000 -9.990000 -9.990000 -9.990000 -9.990000 -9.990000 -9.990000
22.291873 23.643165 11.935351 9.484898 8.815023 9.040392 10.017067 10.427756 10.922569 10.889409 11.131873 12.380102 -9.990000 14.221349 15.519216 14.868558 16.904155 -9.990000 -9.990000 -9.990000 18.563209 18.480172 18.083365 26.452676 19.121772 18.928723 18.351762 18.001087 40.876325 15.744985 14.118419 13.280739 13.154387 13.775696 12.750057 12.056834 11.990823 13.262888 14.624616 14.048569 12.025821 14.592719 16.380119 28.222729 27.892415 18.320231 21.356370 24.724927 26.529259 35.437636 30.710950 -9.990000 -9.990000 -9.990000 -9.990000 -9.990000 -9.990000 -9.990000 -9.990000 -9.990000
